50 70.69 -200 
50 70.69 -200 
50 70.69 -200 
50 70.69 -200 
50 70.69 -200 
50 70.69 -200 
50 70.69 -200 
50 70.69 -200 
50 70.69 -200 
50 70.69 -200 
50 70.69 -200 
50 70.69 -200 
50 70.69 -200 
50 70.69 -200 
50 70.69 -200 
50 70.69 -200 
50 70.69 -200 
50 70.69 -200 
50 70.69 -200 
50 70.69 -200 
50 70.69 -200 
50 70.69 -200 
50 70.69 -200 
50 70.69 -200 
50 70.69 -200 
50 70.69 -200 
50 70.69 -200 
50 70.69 -200 
50 70.69 -200 
50 70.69 -200 
50 70.69 -200 
50 70.69 -200 
50 70.69 -200 
50 70.69 -200 
50 70.69 -200 
50 70.69 -200 
50 70.69 -200 
50 70.69 -200 
50 70.69 -200 
50 70.69 -200 
50 70.69 -200 
50 70.69 -200 
50 70.69 -200 
50 70.69 -200 
50 70.69 -200 
50 70.69 -200 
50 70.69 -200 
50 70.69 -200 
50 70.69 -200 
50 70.69 -200 
50 70.69 -200 
50 70.69 -200 
50 70.69 -200 
50 70.69 -200 
50 70.69 -200 
50 70.69 -200 
50 70.69 -200 
50 70.69 -200 
50 70.69 -200 
50 70.69 -200 
50 70.69 -200 
50 70.69 -200 
50 70.69 -200 
50 70.69 -200 
50 70.69 -200 
50 70.69 -200 
50 70.69 -200 
50 70.69 -200 
50 70.69 -200 
50 70.69 -200 
50 70.69 -200 
50 70.69 -200 
50 70.69 -200 
50 70.69 -200 
50 70.69 -200 
50 70.69 -200 
50 70.69 -200 
50 70.69 -200 
50 70.69 -200 
50 70.69 -200 
50 70.69 -200 
50 70.69 -200 
50 70.69 -200 
50 70.69 -200 
50 70.69 -200 
50 70.69 -200 
50 70.69 -200 
50 70.69 -200 
50 70.69 -200 
50 70.69 -200 
50 70.69 -200 
50 70.69 -200 
50 70.69 -200 
50 70.69 -200 
50 70.69 -200 
50 70.69 -200 
50 70.69 -200 
50 70.69 -200 
50 70.69 -200 
50 70.69 -200 
50 70.69 -200 
50 70.69 -200 
50 70.69 -200 
50 70.69 -200 
50 70.69 -200 
50 70.69 -200 
50 70.69 -200 
50 70.69 -200 
50 70.69 -200 
50 70.69 -200 
50 70.69 -200 
50 70.69 -200 
50 70.69 -200 
50 70.69 -200 
50 70.69 -200 
50 70.69 -200 
50 70.69 -200 
50 70.69 -200 
50 70.69 -200 
50 70.69 -200 
50 70.69 -200 
50 70.69 -200 
50 70.69 -200 
50 70.69 -200 
50 70.69 -200 
50 70.69 -200 
50 70.69 -200 
50 70.69 -200 
50 70.69 -200 
50 70.69 -200 
50 70.69 -200 
50 70.69 -200 
50 70.69 -200 
50 70.69 -200 
50 70.69 -200 
50 70.69 -200 
50 70.69 -200 
50 70.69 -200 
50 70.69 -200 
50 70.69 -200 
50 70.69 -200 
50 70.69 -200 
50 70.69 -200 
50 70.69 -200 
50 70.69 -200 
50 70.69 -200 
50 70.69 -200 
50 70.69 -200 
50 70.69 -200 
50 70.69 -200 
50 70.69 -200 
50 70.69 -200 
50 70.69 -200 
50 70.69 -200 
50 70.69 -200 
50 70.69 -200 
50 70.69 -200 
50 70.69 -200 
50 70.69 -200 
50 70.69 -200 
50 70.69 -200 
50 70.69 -200 
50 70.69 -200 
50 70.69 -200 
50 70.69 -200 
50 70.69 -200 
50 70.69 -200 
50 70.69 -200 
50 70.69 -200 
50 70.69 -200 
50 70.69 -200 
50 70.69 -200 
50 70.69 -200 
50 70.69 -200 
50 70.69 -200 
50 70.69 -200 
50 70.69 -200 
50 70.69 -200 
50 70.69 -200 
50 70.69 -200 
50 70.69 -200 
50 70.69 -200 
50 70.69 -200 
50 70.69 -200 
50 70.69 -200 
50 70.69 -200 
50 70.69 -200 
50 70.69 -200 
50 70.69 -200 
50 70.69 -200 
50 70.69 -200 
50 70.69 -200 
50 70.69 -200 
50 70.69 -200 
50 70.69 -200 
50 70.69 -200 
50 70.69 -200 
50 70.69 -200 
50 70.69 -200 
50 70.69 -200 
50 70.69 -200 
50 70.69 -200 
50 70.69 -200 
50 70.69 -200 
50 70.69 -200 
50 70.69 -200 
50 70.69 -200 
50 70.69 -200 
50 70.69 -200 
50 70.69 -200 
50 70.69 -200 
50 70.69 -200 
50 70.69 -200 
50 70.69 -200 
50 70.69 -200 
50 70.69 -200 
50 70.69 -200 
50 70.69 -200 
50 70.69 -200 
50 70.69 -200 
50 70.69 -200 
50 70.69 -200 
50 70.69 -200 
50 70.69 -200 
50 70.69 -200 
50 70.69 -200 
50 70.69 -200 
50 70.69 -200 
50 70.69 -200 
50 70.69 -200 
50 70.69 -200 
50 70.69 -200 
50 70.69 -200 
50 70.69 -200 
50 70.69 -200 
50 70.69 -200 
50 70.69 -200 
50 70.69 -200 
50 70.69 -200 
50 70.69 -200 
50 70.69 -200 
50 70.69 -200 
50 70.69 -200 
50 70.69 -200 
50 70.69 -200 
50 70.69 -200 
50 70.69 -200 
50 70.69 -200 
50 70.69 -200 
50 70.69 -200 
50 70.69 -200 
50 70.69 -200 
50 70.69 -200 
50 70.69 -200 
50 70.69 -200 
50 70.69 -200 
50 70.69 -200 
50 70.69 -200 
50 70.69 -200 
50 70.69 -200 
50 70.69 -200 
50 70.69 -200 
50 70.69 -200 
50 70.69 -200 
50 70.69 -200 
50 70.69 -200 
50 70.69 -200 
50 70.69 -200 
50 70.69 -200 
50 70.69 -200 
50 70.69 -200 
50 70.69 -200 
50 70.69 -200 
50 70.69 -200 
50 70.69 -200 
50 70.69 -200 
50 70.69 -200 
50 70.69 -200 
50 70.69 -200 
50 70.69 -200 
50 70.69 -200 
50 70.69 -200 
50 70.69 -200 
50 70.69 -200 
50 70.69 -200 
50 70.69 -200 
50 70.69 -200 
50 70.69 -200 
50 70.69 -200 
50 70.69 -200 
50 70.69 -200 
50 70.69 -200 
50 70.69 -200 
50 70.69 -200 
50 70.69 -200 
50 70.69 -200 
50 70.69 -200 
50 70.69 -200 
50 70.69 -200 
50 70.69 -200 
50 70.69 -200 
50 70.69 -200 
50 70.69 -200 
50 70.69 -200 
50 70.69 -200 
50 70.69 -200 
50 70.69 -200 
50 70.69 -200 
50 70.69 -200 
50 70.69 -200 
50 70.69 -200 
50 70.69 -200 
50 70.69 -200 
50 70.69 -200 
50 70.69 -200 
50 70.69 -200 
50 70.69 -200 
50 70.69 -200 
50 70.69 -200 
50 70.69 -200 
50 70.69 -200 
50 70.69 -200 
50 70.69 -200 
50 70.69 -200 
50 70.69 -200 
50 70.69 -200 
50 70.69 -200 
50 70.69 -200 
50 70.69 -200 
50 70.69 -200 
50 70.69 -200 
50 70.69 -200 
50 70.69 -200 
50 70.69 -200 
50 70.69 -200 
50 70.69 -200 
50 70.69 -200 
50 70.69 -200 
50 70.69 -200 
50 70.69 -200 
50 70.69 -200 
50 70.69 -200 
50 70.69 -200 
50 70.69 -200 
50 70.69 -200 
50 70.69 -200 
50 70.69 -200 
50 70.69 -200 
50 70.69 -200 
50 70.69 -200 
50 70.69 -200 
50 70.69 -200 
50 70.69 -200 
50 70.69 -200 
50 70.69 -200 
50 70.69001 -200 
50 70.69004 -200 
50 70.69011 -200 
50 70.69011 -200 
50 70.69022 -200 
50 70.69039 -200 
50 70.69063 -200 
50 70.69094 -200 
50 70.69135 -200 
50 70.69135 -200 
50 70.69185 -200 
50 70.69247 -200 
50 70.69321 -200 
50 70.69408 -200 
50 70.69509 -200 
50 70.69509 -200 
50 70.69625 -200 
50 70.69757 -200 
50 70.69907 -200 
50 70.70074 -200 
50 70.70259 -200 
50 70.70259 -200 
50 70.70464 -200 
50 70.7069 -200 
50 70.70937 -200 
50 70.71207 -200 
50 70.71207 -200 
50 70.71498 -200 
50 70.71813 -200 
50 70.72153 -200 
50 70.72517 -200 
50 70.72908 -200 
50 70.72908 -200 
50 70.73325 -200 
50 70.73769 -200 
50 70.74242 -200 
50 70.74742 -200 
50 70.75272 -200 
50 70.75272 -200 
50 70.75832 -200 
50 70.76423 -200 
50 70.77044 -200 
50 70.77697 -200 
50 70.78382 -200 
50 70.78382 -200 
50 70.791 -200 
50 70.79852 -200 
50 70.80637 -200 
50 70.81456 -200 
50 70.8231 -200 
50 70.8231 -200 
50 70.832 -200 
50 70.84126 -200 
50 70.85088 -200 
50 70.86086 -200 
50 70.87122 -200 
50 70.87122 -200 
50 70.88196 -200 
50 70.89307 -200 
50 70.90457 -200 
50 70.91646 -200 
50 70.92874 -200 
50 70.92874 -200 
50 70.94142 -200 
50 70.95451 -200 
50 70.96799 -200 
50 70.98189 -200 
50 70.98189 -200 
50 70.99619 -200 
50 71.01091 -200 
50 71.02605 -200 
50 71.0416 -200 
50 71.05759 -200 
50 71.05759 -200 
50 71.074 -200 
50 71.09084 -200 
50 71.10811 -200 
50 71.12582 -200 
50 71.14396 -200 
50 71.14396 -200 
50 71.16254 -200 
50 71.18157 -200 
50 71.20105 -200 
50 71.22097 -200 
50 71.24134 -200 
50 71.24134 -200 
50 71.26217 -200 
50 71.28345 -200 
50 71.30518 -200 
50 71.32738 -200 
50 71.35003 -200 
50 71.35003 -200 
50 71.37315 -200 
50 71.39673 -200 
50 71.42077 -200 
50 71.44528 -200 
50 71.44528 -200 
50 71.47026 -200 
50 71.49571 -200 
50 71.52163 -200 
50 71.54802 -200 
50 71.57488 -200 
50 71.57488 -200 
50 71.60222 -200 
50 71.63004 -200 
50 71.65833 -200 
50 71.6871 -200 
50 71.71635 -200 
50 71.71635 -200 
50 71.74607 -200 
50 71.77628 -200 
50 71.80696 -200 
50 71.83813 -200 
50 71.86979 -200 
50 71.86979 -200 
50 71.90192 -200 
50 71.93453 -200 
50 71.9676 -200 
50 72.00111 -200 
50 72.03506 -200 
50 72.03506 -200 
50 72.06944 -200 
50 72.10424 -200 
50 72.13944 -200 
50 72.17504 -200 
50 72.17504 -200 
50 72.21102 -200 
50 72.24738 -200 
50 72.2841 -200 
50 72.32117 -200 
50 72.35859 -200 
50 72.35859 -200 
50 72.39635 -200 
50 72.43443 -200 
50 72.47284 -200 
50 72.51155 -200 
50 72.55057 -200 
50 72.55057 -200 
50 72.58987 -200 
50 72.62946 -200 
50 72.66933 -200 
50 72.70947 -200 
50 72.74986 -200 
50 72.79051 -200 
50 72.79051 -200 
50 72.83141 -200 
50 72.87254 -200 
49.99998 72.91389 -200 
49.99997 72.95547 -200 
49.99994 72.99727 -200 
49.99994 72.99727 -200 
49.99989 73.03928 -200 
49.99982 73.08148 -200.0001 
49.99969 73.12389 -200 
49.99948 73.16647 -199.9998 
49.99948 73.16647 -199.9998 
49.99915 73.20924 -199.9995 
49.99867 73.25219 -199.9988 
49.99801 73.2953 -199.9978 
49.99714 73.33858 -199.9964 
49.99603 73.38201 -199.9945 
49.99603 73.38201 -199.9945 
49.99462 73.42559 -199.9921 
49.9929 73.46931 -199.989 
49.99083 73.51316 -199.9853 
49.98838 73.55714 -199.9809 
49.98551 73.60124 -199.9757 
49.98551 73.60124 -199.9757 
49.98217 73.64545 -199.9696 
49.97835 73.68977 -199.9626 
49.974 73.73417 -199.9546 
49.96907 73.77866 -199.9457 
49.96354 73.82323 -199.9356 
49.96354 73.82323 -199.9356 
49.95736 73.86786 -199.9245 
49.9505 73.91254 -199.9121 
49.94291 73.95728 -199.8985 
49.93455 74.00204 -199.8837 
49.92538 74.04681 -199.8675 
49.92538 74.04681 -199.8675 
49.91535 74.0916 -199.8499 
49.90442 74.13638 -199.8309 
49.89255 74.18115 -199.8105 
49.87969 74.22589 -199.7886 
49.86579 74.27058 -199.7651 
49.86579 74.27058 -199.7651 
49.8508 74.31522 -199.74 
49.83467 74.35978 -199.7133 
49.81736 74.40425 -199.685 
49.79881 74.44861 -199.655 
49.79881 74.44861 -199.655 
49.77896 74.49285 -199.6233 
49.75776 74.53695 -199.5898 
49.73516 74.58088 -199.5546 
49.7111 74.62463 -199.5176 
49.68552 74.66817 -199.4788 
49.68552 74.66817 -199.4788 
49.65836 74.7115 -199.4382 
49.62957 74.75459 -199.3958 
49.59907 74.7974 -199.3514 
49.56681 74.83993 -199.3053 
49.53273 74.88216 -199.2572 
49.53273 74.88216 -199.2572 
49.49677 74.92404 -199.2072 
49.45884 74.96556 -199.1554 
49.41888 75.00669 -199.1017 
49.37685 75.04742 -199.0461 
49.33266 75.0877 -198.9886 
49.33266 75.0877 -198.9886 
49.28625 75.12751 -198.9293 
49.23757 75.16683 -198.8681 
49.18653 75.20564 -198.805 
49.13309 75.24389 -198.7401 
49.07722 75.28158 -198.6734 
49.07722 75.28158 -198.6734 
49.01889 75.31868 -198.6051 
48.9581 75.35518 -198.5351 
48.89484 75.39106 -198.4636 
48.82907 75.4263 -198.3907 
48.76081 75.4609 -198.3164 
48.76081 75.4609 -198.3164 
48.69002 75.49483 -198.2408 
48.61671 75.52811 -198.164 
48.54086 75.56068 -198.086 
48.46247 75.59256 -198.007 
48.46247 75.59256 -198.007 
48.38155 75.62373 -197.927 
48.29807 75.65418 -197.8461 
48.21204 75.68392 -197.7643 
48.12346 75.7129 -197.6818 
48.03233 75.74113 -197.5986 
48.03233 75.74113 -197.5986 
47.93866 75.76859 -197.5148 
47.84245 75.7953 -197.4304 
47.74371 75.82124 -197.3455 
47.64243 75.84641 -197.2602 
47.53863 75.87078 -197.1746 
47.53863 75.87078 -197.1746 
47.43232 75.89437 -197.0886 
47.3235 75.91716 -197.0025 
47.21219 75.93915 -196.9163 
47.0984 75.96033 -196.8299 
46.98214 75.98071 -196.7435 
46.98214 75.98071 -196.7435 
46.86342 76.00027 -196.6572 
46.74227 76.01901 -196.571 
46.6187 76.03694 -196.485 
46.49272 76.05405 -196.3992 
46.36435 76.07035 -196.3136 
46.36435 76.07035 -196.3136 
46.23361 76.08582 -196.2284 
46.10052 76.10047 -196.1436 
45.96511 76.1143 -196.0593 
45.82738 76.1273 -195.9755 
45.82738 76.1273 -195.9755 
45.68737 76.13947 -195.8922 
45.5451 76.15083 -195.8096 
45.40058 76.16135 -195.7276 
45.25385 76.17107 -195.6464 
45.10492 76.17995 -195.5659 
45.10492 76.17995 -195.5659 
44.95382 76.18801 -195.4863 
44.80058 76.19525 -195.4075 
44.64522 76.20168 -195.3296 
44.48776 76.2073 -195.2527 
44.32825 76.2121 -195.1768 
44.32825 76.2121 -195.1768 
44.16669 76.2161 -195.1019 
44.00313 76.2193 -195.0281 
43.83759 76.22169 -194.9555 
43.67009 76.22328 -194.8841 
43.50067 76.22408 -194.8139 
43.50067 76.22408 -194.8139 
43.32936 76.22409 -194.7449 
43.15618 76.22331 -194.6772 
42.98117 76.22175 -194.6109 
42.80435 76.21941 -194.546 
42.62576 76.21629 -194.4825 
42.62576 76.21629 -194.4825 
42.44543 76.21242 -194.4204 
42.26338 76.20776 -194.3598 
42.07966 76.20235 -194.3007 
41.89429 76.19619 -194.2432 
41.7073 76.18929 -194.1873 
41.7073 76.18929 -194.1873 
41.51873 76.18163 -194.1329 
41.3286 76.17323 -194.0803 
41.13696 76.16409 -194.0293 
40.94383 76.15424 -193.98 
40.94383 76.15424 -193.98 
40.74924 76.14366 -193.9325 
40.55324 76.13238 -193.8867 
40.35584 76.12038 -193.8427 
40.1571 76.10768 -193.8006 
39.95703 76.09428 -193.7603 
39.95703 76.09428 -193.7603 
39.75568 76.08019 -193.7218 
39.55308 76.06542 -193.6853 
39.34926 76.04997 -193.6507 
39.14425 76.03385 -193.618 
38.9381 76.01706 -193.5873 
38.9381 76.01706 -193.5873 
38.73082 75.99961 -193.5586 
38.52247 75.98152 -193.5319 
38.31306 75.96278 -193.5072 
38.10265 75.94339 -193.4846 
37.89125 75.92337 -193.4641 
37.89125 75.92337 -193.4641 
37.67891 75.90273 -193.4456 
37.46566 75.88147 -193.4293 
37.25153 75.8596 -193.4151 
37.03656 75.83712 -193.403 
36.82079 75.81404 -193.3931 
36.82079 75.81404 -193.3931 
36.60424 75.79037 -193.3853 
36.38696 75.76612 -193.3798 
36.16898 75.74129 -193.3765 
35.95033 75.71589 -193.3754 
35.73104 75.68993 -193.3765 
35.73104 75.68993 -193.3765 
35.51115 75.66341 -193.3799 
35.29071 75.63634 -193.3855 
35.06973 75.60873 -193.3934 
34.84826 75.58059 -193.4036 
34.62632 75.55192 -193.4161 
34.62632 75.55192 -193.4161 
34.40396 75.52271 -193.4309 
34.18121 75.493 -193.448 
33.9581 75.46278 -193.4674 
33.73466 75.43205 -193.4892 
33.51094 75.40084 -193.5133 
33.51094 75.40084 -193.5133 
33.28696 75.36914 -193.5397 
33.06277 75.33695 -193.5685 
32.83838 75.30429 -193.5997 
32.61385 75.27116 -193.6332 
32.61385 75.27116 -193.6332 
32.38919 75.23757 -193.6691 
32.16445 75.20353 -193.7073 
31.93965 75.16904 -193.748 
31.71484 75.1341 -193.791 
31.49004 75.09873 -193.8365 
31.49004 75.09873 -193.8365 
31.2653 75.06293 -193.8843 
31.04063 75.02671 -193.9345 
30.81609 74.99008 -193.9872 
30.59169 74.95304 -194.0422 
30.36747 74.9156 -194.0996 
30.36747 74.9156 -194.0996 
30.14347 74.87777 -194.1594 
29.91971 74.83955 -194.2217 
29.69624 74.80094 -194.2863 
29.47308 74.76196 -194.3533 
29.25026 74.7226 -194.4228 
29.25026 74.7226 -194.4228 
29.02782 74.68288 -194.4946 
28.8058 74.64281 -194.5688 
28.58421 74.60238 -194.6455 
28.3631 74.56161 -194.7245 
28.1425 74.52049 -194.8059 
28.1425 74.52049 -194.8059 
27.92243 74.47904 -194.8898 
27.70294 74.43726 -194.976 
27.48404 74.39516 -195.0645 
27.26578 74.35275 -195.1555 
27.04818 74.31004 -195.2488 
27.04818 74.31004 -195.2488 
26.83127 74.26701 -195.3445 
26.61509 74.22368 -195.4425 
26.39966 74.18006 -195.5429 
26.18502 74.13616 -195.6456 
26.18502 74.13616 -195.6456 
25.9712 74.09197 -195.7507 
25.75821 74.04751 -195.8581 
25.54611 74.00277 -195.9679 
25.33492 73.95776 -196.0799 
25.12465 73.9125 -196.1943 
25.12465 73.9125 -196.1943 
24.91536 73.86698 -196.3109 
24.70706 73.82121 -196.4299 
24.49979 73.7752 -196.5511 
24.29356 73.72895 -196.6746 
24.08842 73.68247 -196.8004 
24.08842 73.68247 -196.8004 
23.88438 73.63577 -196.9284 
23.68148 73.58883 -197.0587 
23.47975 73.54167 -197.1911 
23.27922 73.4943 -197.3258 
23.0799 73.44672 -197.4627 
23.0799 73.44672 -197.4627 
22.88184 73.39895 -197.6018 
22.68505 73.35097 -197.7431 
22.48956 73.30279 -197.8865 
22.29541 73.25442 -198.0321 
22.10262 73.20586 -198.1798 
22.10262 73.20586 -198.1798 
21.9112 73.15714 -198.3297 
21.7212 73.10823 -198.4817 
21.53264 73.05915 -198.6358 
21.34554 73.0099 -198.7919 
21.34554 73.0099 -198.7919 
21.15993 72.96049 -198.9501 
20.97582 72.91091 -199.1104 
20.79326 72.86118 -199.2727 
20.61226 72.81131 -199.437 
20.43285 72.76129 -199.6033 
20.43285 72.76129 -199.6033 
20.25506 72.71113 -199.7717 
20.0789 72.66082 -199.942 
19.9044 72.61038 -200.1142 
19.73159 72.55982 -200.2884 
19.56048 72.50913 -200.4645 
19.56048 72.50913 -200.4645 
19.39111 72.45831 -200.6425 
19.2235 72.40737 -200.8224 
19.05766 72.35632 -201.0041 
18.89363 72.30515 -201.1877 
18.73141 72.25389 -201.3732 
18.73141 72.25389 -201.3732 
18.57105 72.20251 -201.5604 
18.41255 72.15104 -201.7494 
18.25594 72.09948 -201.9402 
18.10124 72.04782 -202.1328 
17.94847 71.99608 -202.3271 
17.94847 71.99608 -202.3271 
17.79766 71.94424 -202.5231 
17.64882 71.89232 -202.7207 
17.50197 71.84032 -202.9201 
17.35713 71.78825 -203.121 
17.21433 71.7361 -203.3237 
17.21433 71.7361 -203.3237 
17.07359 71.68389 -203.5279 
16.93491 71.63161 -203.7337 
16.79833 71.57927 -203.941 
16.66385 71.52687 -204.1499 
16.66385 71.52687 -204.1499 
16.53151 71.47441 -204.3603 
16.40131 71.4219 -204.5722 
16.27327 71.36934 -204.7856 
16.14742 71.31672 -205.0004 
16.02377 71.26405 -205.2167 
16.02377 71.26405 -205.2167 
15.90234 71.21135 -205.4343 
15.78314 71.15861 -205.6533 
15.66619 71.10583 -205.8737 
15.55151 71.05302 -206.0954 
15.43911 71.00017 -206.3184 
15.43911 71.00017 -206.3184 
15.32901 70.9473 -206.5427 
15.22122 70.89439 -206.7682 
15.11576 70.84148 -206.995 
15.01265 70.78853 -207.223 
14.91189 70.73557 -207.4521 
14.91189 70.73557 -207.4521 
14.81351 70.6826 -207.6824 
14.71751 70.62961 -207.9139 
14.62391 70.57661 -208.1464 
14.53273 70.5236 -208.38 
14.44397 70.47058 -208.6147 
14.44397 70.47058 -208.6147 
14.35766 70.41756 -208.8504 
14.27379 70.36454 -209.0871 
14.19239 70.31153 -209.3248 
14.11347 70.25851 -209.5634 
14.03703 70.20548 -209.803 
14.03703 70.20548 -209.803 
13.96309 70.15247 -210.0434 
13.89167 70.09946 -210.2848 
13.82276 70.04647 -210.5269 
13.75638 69.99349 -210.7699 
13.75638 69.99349 -210.7699 
13.69255 69.94053 -211.0137 
13.63126 69.88758 -211.2582 
13.57254 69.83466 -211.5034 
13.51638 69.78175 -211.7494 
13.4628 69.72887 -211.996 
13.41181 69.676 -212.2433 
13.36341 69.62317 -212.4912 
13.36341 69.62317 -212.4912 
13.31762 69.57036 -212.7397 
13.27444 69.51759 -212.9888 
13.23387 69.46484 -213.2384 
13.19593 69.41213 -213.4886 
13.16061 69.35946 -213.7392 
13.16061 69.35946 -213.7392 
13.12794 69.30682 -213.9902 
13.09791 69.25423 -214.2417 
13.07052 69.20167 -214.4936 
13.04579 69.14914 -214.7459 
13.02373 69.09666 -214.9985 
13.02373 69.09666 -214.9985 
13.00432 69.04423 -215.2514 
12.98758 68.99184 -215.5046 
12.97352 68.9395 -215.7581 
12.96213 68.88721 -216.0118 
12.95342 68.83497 -216.2657 
12.95342 68.83497 -216.2657 
12.94739 68.78278 -216.5197 
12.94405 68.73064 -216.7739 
12.9434 68.67857 -217.0282 
12.94543 68.62654 -217.2826 
12.95016 68.57456 -217.537 
12.95016 68.57456 -217.537 
12.95758 68.52264 -217.7915 
12.9677 68.47079 -218.046 
12.98051 68.41901 -218.3004 
12.99602 68.36728 -218.5548 
13.01423 68.31561 -218.8091 
13.03513 68.26399 -219.0633 
13.03513 68.26399 -219.0633 
13.05873 68.21246 -219.3173 
13.08502 68.16099 -219.5712 
13.11401 68.10958 -219.8248 
13.14569 68.05824 -220.0782 
13.18006 68.00697 -220.3313 
13.18006 68.00697 -220.3313 
13.21712 67.95578 -220.5842 
13.25687 67.90466 -220.8367 
13.2993 67.8536 -221.0889 
13.34441 67.80262 -221.3407 
13.3922 67.75172 -221.5921 
13.3922 67.75172 -221.5921 
13.44267 67.70089 -221.843 
13.4958 67.65014 -222.0935 
13.55161 67.59946 -222.3435 
13.61007 67.54886 -222.5929 
13.61007 67.54886 -222.5929 
13.67119 67.49834 -222.8418 
13.73496 67.44791 -223.0902 
13.80138 67.39755 -223.3379 
13.87044 67.34727 -223.585 
13.94213 67.29708 -223.8314 
13.94213 67.29708 -223.8314 
14.01646 67.24697 -224.0771 
14.0934 67.19695 -224.3221 
14.17296 67.147 -224.5664 
14.25512 67.09714 -224.8099 
14.33989 67.04736 -225.0525 
14.33989 67.04736 -225.0525 
14.42724 66.99768 -225.2944 
14.51718 66.94808 -225.5353 
14.60969 66.89857 -225.7754 
14.70477 66.84915 -226.0146 
14.80241 66.79981 -226.2528 
14.80241 66.79981 -226.2528 
14.90259 66.75056 -226.49 
15.00531 66.70142 -226.7263 
15.21832 66.60339 -227.1956 
15.32859 66.5545 -227.4287 
15.32859 66.5545 -227.4287 
15.44136 66.50572 -227.6607 
15.55661 66.45703 -227.8915 
15.67433 66.40843 -228.1212 
15.79452 66.35993 -228.3496 
15.79452 66.35993 -228.3496 
15.91715 66.31152 -228.5769 
16.04222 66.26321 -228.8029 
16.16971 66.21499 -229.0276 
16.29961 66.16687 -229.2511 
16.43191 66.11884 -229.4732 
16.43191 66.11884 -229.4732 
16.56659 66.07092 -229.694 
16.70364 66.02309 -229.9134 
16.84305 65.97536 -230.1314 
16.9848 65.92772 -230.348 
17.12888 65.88018 -230.5632 
17.12888 65.88018 -230.5632 
17.27526 65.83274 -230.7768 
17.42395 65.78541 -230.989 
17.57491 65.73817 -231.1996 
17.72815 65.69103 -231.4088 
17.88363 65.644 -231.6163 
18.04134 65.59706 -231.8222 
18.04134 65.59706 -231.8222 
18.20127 65.55022 -232.0265 
18.3634 65.50349 -232.2292 
18.52771 65.45686 -232.4302 
18.69419 65.41032 -232.6295 
18.69419 65.41032 -232.6295 
18.86281 65.3639 -232.827 
19.03357 65.31758 -233.0229 
19.20644 65.27136 -233.2169 
19.3814 65.22525 -233.4092 
19.55843 65.17924 -233.5997 
19.55843 65.17924 -233.5997 
19.73752 65.13333 -233.7884 
19.91864 65.08753 -233.9752 
20.10179 65.04183 -234.1601 
20.28693 64.99624 -234.3431 
20.47405 64.95075 -234.5242 
20.47405 64.95075 -234.5242 
20.66312 64.90536 -234.7034 
20.85414 64.86008 -234.8806 
21.04707 64.8149 -235.0558 
21.2419 64.76983 -235.229 
21.4386 64.72486 -235.4002 
21.4386 64.72486 -235.4002 
21.63716 64.68 -235.5694 
21.83755 64.63525 -235.7365 
22.03975 64.59059 -235.9015 
22.24374 64.54605 -236.0644 
22.4495 64.50162 -236.2251 
22.4495 64.50162 -236.2251 
22.65701 64.45728 -236.3838 
22.86623 64.41307 -236.5403 
23.07716 64.36896 -236.6946 
23.28976 64.32495 -236.8467 
23.50402 64.28105 -236.9966 
23.50402 64.28105 -236.9966 
23.71991 64.23726 -237.1442 
23.9374 64.19357 -237.2896 
24.15648 64.14999 -237.4327 
24.37712 64.10651 -237.5736 
24.37712 64.10651 -237.5736 
24.59929 64.06315 -237.7121 
24.82298 64.01989 -237.8484 
25.04815 63.97673 -237.9823 
25.27479 63.93369 -238.1138 
25.50286 63.89075 -238.243 
25.73234 63.84792 -238.3697 
25.73234 63.84792 -238.3697 
25.96321 63.80519 -238.4941 
26.19544 63.76257 -238.6161 
26.42901 63.72005 -238.7356 
26.66389 63.67765 -238.8527 
26.90006 63.63536 -238.9673 
26.90006 63.63536 -238.9673 
27.13749 63.59317 -239.0795 
27.37615 63.55109 -239.1891 
27.61601 63.50911 -239.2963 
27.85706 63.46724 -239.4009 
27.85706 63.46724 -239.4009 
28.09926 63.42548 -239.5031 
28.34259 63.38383 -239.6027 
28.58702 63.34229 -239.6997 
28.83252 63.30085 -239.7942 
29.07907 63.25952 -239.8861 
29.07907 63.25952 -239.8861 
29.32664 63.2183 -239.9754 
29.5752 63.17718 -240.0621 
29.82472 63.13617 -240.1462 
30.07519 63.09526 -240.2277 
30.32656 63.05447 -240.3065 
30.32656 63.05447 -240.3065 
30.57881 63.01377 -240.3827 
30.83192 62.97319 -240.4563 
31.08585 62.93271 -240.5272 
31.34058 62.89235 -240.5954 
31.59608 62.85208 -240.661 
31.59608 62.85208 -240.661 
31.85232 62.81193 -240.7239 
32.10928 62.77188 -240.7841 
32.36691 62.73193 -240.8415 
32.62521 62.6921 -240.8963 
32.88413 62.65237 -240.9483 
32.88413 62.65237 -240.9483 
33.14365 62.61275 -240.9977 
33.40373 62.57323 -241.0443 
33.66436 62.53382 -241.0881 
33.9255 62.49451 -241.1292 
34.18712 62.45532 -241.1676 
34.18712 62.45532 -241.1676 
34.4492 62.41622 -241.2032 
34.71169 62.37723 -241.2361 
34.97459 62.33835 -241.2661 
35.23784 62.29957 -241.2935 
35.23784 62.29957 -241.2935 
35.50143 62.2609 -241.318 
35.76534 62.22234 -241.3398 
36.02951 62.18387 -241.3588 
36.29394 62.14552 -241.375 
36.55858 62.10727 -241.3884 
36.55858 62.10727 -241.3884 
36.82341 62.06912 -241.399 
37.0884 62.03107 -241.4068 
37.35352 61.99313 -241.4118 
37.61874 61.9553 -241.4141 
37.88403 61.91756 -241.4135 
37.88403 61.91756 -241.4135 
38.14936 61.87994 -241.4101 
38.4147 61.84241 -241.404 
38.68002 61.80499 -241.395 
38.94529 61.76767 -241.3833 
39.21048 61.73046 -241.3687 
39.21048 61.73046 -241.3687 
39.47557 61.69334 -241.3513 
39.74052 61.65633 -241.3312 
40.0053 61.61943 -241.3082 
40.26989 61.58263 -241.2824 
40.53424 61.54593 -241.2539 
40.53424 61.54593 -241.2539 
40.79835 61.50933 -241.2225 
41.06216 61.47284 -241.1884 
41.32566 61.43644 -241.1515 
41.58881 61.40015 -241.1118 
41.58881 61.40015 -241.1118 
41.85159 61.36396 -241.0693 
42.11395 61.32787 -241.024 
42.37589 61.29188 -240.976 
42.63736 61.25599 -240.9252 
42.89835 61.22021 -240.8716 
42.89835 61.22021 -240.8716 
43.15881 61.18453 -240.8153 
43.41872 61.14894 -240.7562 
43.67804 61.11346 -240.6943 
43.93676 61.07807 -240.6297 
44.19484 61.04279 -240.5624 
44.19484 61.04279 -240.5624 
44.45225 61.0076 -240.4924 
44.70896 60.97252 -240.4196 
44.96495 60.93753 -240.3441 
45.22018 60.90264 -240.2659 
45.47462 60.86786 -240.185 
45.47462 60.86786 -240.185 
45.72826 60.83316 -240.1013 
45.98105 60.79857 -240.0151 
46.23298 60.76408 -239.9261 
46.484 60.72969 -239.8345 
46.7341 60.69539 -239.7402 
46.7341 60.69539 -239.7402 
46.98324 60.66119 -239.6432 
47.2314 60.62709 -239.5436 
47.47855 60.59309 -239.4414 
47.72465 60.55919 -239.3366 
47.96969 60.52538 -239.2291 
47.96969 60.52538 -239.2291 
48.21363 60.49167 -239.1191 
48.45646 60.45805 -239.0065 
48.69813 60.42453 -238.8913 
48.93863 60.39111 -238.7735 
48.93863 60.39111 -238.7735 
49.17792 60.35779 -238.6532 
49.41597 60.32456 -238.5303 
49.65278 60.29143 -238.4049 
49.88829 60.2584 -238.277 
50.12249 60.22545 -238.1467 
50.12249 60.22545 -238.1467 
50.35536 60.1926 -238.0138 
50.58685 60.15985 -237.8784 
50.81696 60.12719 -237.7406 
51.04565 60.09463 -237.6003 
51.27289 60.06216 -237.4576 
51.27289 60.06216 -237.4576 
51.49866 60.02978 -237.3125 
51.72294 59.9975 -237.165 
51.9457 59.96531 -237.0152 
52.16692 59.93322 -236.8629 
52.38655 59.90122 -236.7083 
52.38655 59.90122 -236.7083 
52.6046 59.86931 -236.5514 
52.82102 59.8375 -236.3922 
53.03579 59.80577 -236.2306 
53.24889 59.77414 -236.0668 
53.4603 59.7426 -235.9007 
53.4603 59.7426 -235.9007 
53.66999 59.71115 -235.7324 
53.87793 59.6798 -235.5618 
54.08411 59.64854 -235.389 
54.28849 59.61737 -235.214 
54.49106 59.58633 -235.0368 
54.49106 59.58633 -235.0368 
54.69179 59.5554 -234.8575 
54.89065 59.52461 -234.6759 
55.08762 59.49397 -234.4923 
55.28268 59.46349 -234.3065 
55.28268 59.46349 -234.3065 
55.4758 59.43317 -234.1185 
55.66695 59.40303 -233.9285 
55.85612 59.37307 -233.7363 
56.04327 59.3433 -233.542 
56.22839 59.31374 -233.3457 
56.22839 59.31374 -233.3457 
56.41145 59.2844 -233.1473 
56.59243 59.25527 -232.9469 
56.77129 59.22637 -232.7444 
56.94804 59.19768 -232.54 
57.12263 59.1692 -232.3335 
57.12263 59.1692 -232.3335 
57.29506 59.14094 -232.1252 
57.46529 59.11288 -231.9148 
57.63332 59.08504 -231.7026 
57.79913 59.05739 -231.4886 
57.96268 59.02994 -231.2726 
57.96268 59.02994 -231.2726 
58.12396 59.00269 -231.0549 
58.28296 58.97564 -230.8353 
58.43966 58.94878 -230.614 
58.59402 58.9221 -230.3909 
58.74605 58.89562 -230.1662 
58.74605 58.89562 -230.1662 
59.04301 58.84322 -229.7115 
59.04301 58.84322 -229.7115 
59.1879 58.81729 -229.4817 
59.33038 58.79153 -229.2503 
59.47043 58.76596 -229.0173 
59.60803 58.74056 -228.7827 
59.60803 58.74056 -228.7827 
59.74317 58.71532 -228.5466 
59.87583 58.69026 -228.309 
60.006 58.66537 -228.0699 
60.13366 58.64064 -227.8293 
60.25879 58.61607 -227.5874 
60.25879 58.61607 -227.5874 
60.38137 58.59167 -227.344 
60.5014 58.56743 -227.0992 
60.61887 58.54334 -226.8531 
60.73374 58.51941 -226.6058 
60.84602 58.49564 -226.3571 
60.84602 58.49564 -226.3571 
60.95569 58.47202 -226.1072 
61.06273 58.44855 -225.856 
61.16714 58.42522 -225.6036 
61.2689 58.40205 -225.3501 
61.36799 58.37902 -225.0954 
61.36799 58.37902 -225.0954 
61.46442 58.35614 -224.8396 
61.55815 58.3334 -224.5827 
61.64919 58.31079 -224.3248 
61.73752 58.28834 -224.0658 
61.82312 58.26601 -223.8059 
61.82312 58.26601 -223.8059 
61.906 58.24382 -223.5449 
61.98614 58.22177 -223.2831 
62.06353 58.19985 -223.0203 
62.13816 58.17806 -222.7567 
62.21003 58.1564 -222.4922 
62.21003 58.1564 -222.4922 
62.27912 58.13486 -222.2269 
62.34541 58.11346 -221.9608 
62.40892 58.09218 -221.6939 
62.46962 58.07103 -221.4264 
62.46962 58.07103 -221.4264 
62.52751 58.05 -221.1581 
62.58258 58.02908 -220.8891 
62.63484 58.00829 -220.6196 
62.68426 57.98762 -220.3494 
62.73084 57.96707 -220.0786 
62.73084 57.96707 -220.0786 
62.77458 57.94663 -219.8073 
62.81547 57.92631 -219.5355 
62.85351 57.90611 -219.2632 
62.88868 57.88601 -218.9904 
62.92099 57.86603 -218.7172 
62.92099 57.86603 -218.7172 
62.95044 57.84616 -218.4436 
62.977 57.82639 -218.1697 
63.00069 57.80674 -217.8955 
63.02151 57.78719 -217.6209 
63.03944 57.76775 -217.3461 
63.03944 57.76775 -217.3461 
63.05448 57.74841 -217.071 
63.06664 57.72917 -216.7957 
63.0759 57.71004 -216.5203 
63.08227 57.69101 -216.2447 
63.08574 57.67209 -215.969 
63.08574 57.67209 -215.969 
63.08632 57.65326 -215.6932 
63.08401 57.63453 -215.4174 
63.07879 57.6159 -215.1415 
63.07069 57.59736 -214.8657 
63.05968 57.57893 -214.5899 
63.05968 57.57893 -214.5899 
63.04577 57.56058 -214.3141 
63.02897 57.54233 -214.0385 
63.00928 57.52417 -213.763 
62.98669 57.5061 -213.4877 
62.96121 57.48813 -213.2126 
62.93284 57.47024 -212.9377 
62.93284 57.47024 -212.9377 
62.90158 57.45245 -212.663 
62.86745 57.43474 -212.3887 
62.83043 57.41712 -212.1147 
62.79053 57.39959 -211.841 
62.74775 57.38215 -211.5677 
62.74775 57.38215 -211.5677 
62.70211 57.36479 -211.2948 
62.65359 57.34751 -211.0224 
62.60222 57.33032 -210.7504 
62.54799 57.31321 -210.479 
62.54799 57.31321 -210.479 
62.49091 57.29618 -210.2081 
62.43098 57.27924 -209.9377 
62.36822 57.26237 -209.6679 
62.30262 57.24559 -209.3988 
62.23419 57.22889 -209.1303 
62.23419 57.22889 -209.1303 
62.16294 57.21227 -208.8625 
62.08889 57.19572 -208.5954 
62.01202 57.17925 -208.3291 
61.93237 57.16285 -208.0635 
61.84992 57.14654 -207.7988 
61.84992 57.14654 -207.7988 
61.76469 57.13029 -207.5348 
61.67669 57.11413 -207.2718 
61.58593 57.09804 -207.0096 
61.49241 57.08202 -206.7484 
61.39615 57.06607 -206.4881 
61.39615 57.06607 -206.4881 
61.29715 57.0502 -206.2288 
61.19543 57.03439 -205.9705 
61.091 57.01867 -205.7132 
60.98387 57.003 -205.457 
60.87404 56.98741 -205.202 
60.87404 56.98741 -205.202 
60.76154 56.97189 -204.948 
60.64637 56.95644 -204.6952 
60.52854 56.94106 -204.4435 
60.40807 56.92574 -204.1931 
60.28497 56.91049 -203.9439 
60.15926 56.89531 -203.696 
60.15926 56.89531 -203.696 
60.03094 56.88019 -203.4494 
59.90003 56.86514 -203.2041 
59.76654 56.85015 -202.9601 
59.63049 56.83524 -202.7176 
59.49189 56.82038 -202.4764 
59.49189 56.82038 -202.4764 
59.35076 56.80558 -202.2367 
59.20711 56.79085 -201.9984 
59.06096 56.77618 -201.7616 
58.91232 56.76158 -201.5263 
58.76121 56.74704 -201.2926 
58.76121 56.74704 -201.2926 
58.60765 56.73256 -201.0604 
58.45164 56.71814 -200.8298 
58.29322 56.70378 -200.6008 
58.13239 56.68948 -200.3735 
57.96917 56.67524 -200.1478 
57.96917 56.67524 -200.1478 
57.80358 56.66105 -199.9238 
57.63564 56.64693 -199.7016 
57.46537 56.63286 -199.4811 
57.29278 56.61885 -199.2623 
57.11789 56.60491 -199.0454 
57.11789 56.60491 -199.0454 
56.94072 56.59101 -198.8302 
56.76129 56.57718 -198.6169 
56.57962 56.56339 -198.4054 
56.39573 56.54967 -198.1959 
56.20963 56.536 -197.9882 
56.20963 56.536 -197.9882 
56.02136 56.52238 -197.7825 
55.83092 56.50882 -197.5788 
55.63835 56.49532 -197.377 
55.44366 56.48186 -197.1772 
55.44366 56.48186 -197.1772 
55.24687 56.46847 -196.9794 
55.048 56.45512 -196.7838 
54.84708 56.44183 -196.5901 
54.64412 56.42859 -196.3986 
54.43915 56.4154 -196.2091 
54.43915 56.4154 -196.2091 
54.23219 56.40226 -196.0218 
54.02327 56.38918 -195.8367 
53.81239 56.37614 -195.6537 
53.5996 56.36316 -195.4729 
53.38491 56.35023 -195.2944 
53.38491 56.35023 -195.2944 
53.16834 56.33735 -195.1181 
52.94992 56.32452 -194.944 
52.72967 56.31173 -194.7722 
52.50762 56.299 -194.6027 
52.28378 56.28632 -194.4355 
52.28378 56.28632 -194.4355 
52.05819 56.27368 -194.2707 
51.83087 56.26109 -194.1082 
51.60184 56.24855 -193.948 
51.37112 56.23606 -193.7903 
51.13875 56.22362 -193.6349 
51.13875 56.22362 -193.6349 
50.90475 56.21122 -193.482 
50.66914 56.19888 -193.3316 
50.43195 56.18657 -193.1836 
50.19321 56.17432 -193.038 
50.19321 56.17432 -193.038 
49.95293 56.16211 -192.895 
49.71115 56.14995 -192.7544 
49.4679 56.13783 -192.6164 
49.22319 56.12575 -192.4809 
48.97706 56.11372 -192.348 
48.97706 56.11372 -192.348 
48.72953 56.10173 -192.2176 
48.48064 56.08979 -192.0898 
48.2304 56.0779 -191.9646 
47.97885 56.06605 -191.8421 
47.726 56.05424 -191.7221 
47.726 56.05424 -191.7221 
47.4719 56.04247 -191.6048 
47.21656 56.03075 -191.4901 
46.96002 56.01907 -191.3781 
46.7023 56.00743 -191.2688 
46.44343 55.99584 -191.1622 
46.44343 55.99584 -191.1622 
46.18344 55.98429 -191.0583 
45.92236 55.97278 -190.957 
45.66021 55.96132 -190.8586 
45.39702 55.94989 -190.7628 
45.13283 55.93851 -190.6698 
45.13283 55.93851 -190.6698 
44.86766 55.92717 -190.5795 
44.60154 55.91587 -190.4921 
44.33451 55.90461 -190.4074 
44.06658 55.89339 -190.3255 
43.79779 55.88221 -190.2464 
43.79779 55.88221 -190.2464 
43.52817 55.87107 -190.17 
43.25774 55.85997 -190.0966 
42.98654 55.8489 -190.0259 
42.71459 55.83789 -189.9581 
42.44194 55.82691 -189.8931 
42.44194 55.82691 -189.8931 
41.8946 55.80506 -189.7716 
41.8946 55.80506 -189.7716 
41.61998 55.7942 -189.7152 
41.34476 55.78337 -189.6617 
41.06898 55.77259 -189.611 
40.79267 55.76184 -189.5632 
40.79267 55.76184 -189.5632 
40.51585 55.75113 -189.5182 
40.23856 55.74046 -189.4762 
39.96082 55.72982 -189.4371 
39.68267 55.71922 -189.4009 
39.40414 55.70866 -189.3676 
39.40414 55.70866 -189.3676 
39.12525 55.69814 -189.3371 
38.84605 55.68764 -189.3096 
38.56655 55.67719 -189.2851 
38.28679 55.66677 -189.2634 
38.0068 55.65639 -189.2447 
38.0068 55.65639 -189.2447 
37.72661 55.64605 -189.2289 
37.44626 55.63575 -189.216 
37.16576 55.62547 -189.206 
36.88516 55.61524 -189.199 
36.60448 55.60504 -189.1949 
36.60448 55.60504 -189.1949 
36.32376 55.59488 -189.1937 
36.04302 55.58475 -189.1955 
35.7623 55.57465 -189.2002 
35.48162 55.5646 -189.2078 
35.20102 55.55458 -189.2184 
35.20102 55.55458 -189.2184 
34.92053 55.54459 -189.2319 
34.64017 55.53463 -189.2483 
34.35999 55.52471 -189.2677 
34.08 55.51482 -189.29 
33.80025 55.50497 -189.3152 
33.80025 55.50497 -189.3152 
33.52075 55.49516 -189.3434 
33.24154 55.48541 -189.3744 
32.96264 55.47573 -189.4085 
32.68407 55.46613 -189.4454 
32.40587 55.45662 -189.4854 
32.40587 55.45662 -189.4854 
32.12807 55.44721 -189.5282 
31.85068 55.43791 -189.5741 
31.57375 55.42874 -189.6228 
31.29729 55.4197 -189.6746 
31.29729 55.4197 -189.6746 
31.02135 55.4108 -189.7293 
30.74593 55.40205 -189.787 
30.47108 55.39347 -189.8476 
30.19682 55.38505 -189.9112 
29.92318 55.37682 -189.9777 
29.92318 55.37682 -189.9777 
29.65018 55.36879 -190.0473 
29.37787 55.36094 -190.1197 
29.10627 55.3533 -190.1952 
28.83541 55.34588 -190.2736 
28.56531 55.33868 -190.3549 
28.56531 55.33868 -190.3549 
28.29601 55.3317 -190.4392 
28.02755 55.32493 -190.5265 
27.75994 55.31837 -190.6166 
27.49323 55.31203 -190.7097 
27.22745 55.30589 -190.8056 
27.22745 55.30589 -190.8056 
26.96263 55.29994 -190.9045 
26.69879 55.29419 -191.0062 
26.43597 55.28864 -191.1108 
26.17421 55.28327 -191.2183 
25.91352 55.27808 -191.3286 
25.91352 55.27808 -191.3286 
25.65394 55.27309 -191.4417 
25.39551 55.26826 -191.5576 
25.13825 55.26362 -191.6763 
24.88219 55.25915 -191.7979 
24.62736 55.25484 -191.9221 
24.62736 55.25484 -191.9221 
24.3738 55.2507 -192.0491 
24.12152 55.24673 -192.1789 
23.87057 55.24291 -192.3114 
23.62097 55.23925 -192.4466 
23.37275 55.23574 -192.5844 
23.37275 55.23574 -192.5844 
23.12593 55.23238 -192.725 
22.88055 55.22918 -192.8682 
22.63664 55.22611 -193.0141 
22.39422 55.22319 -193.1625 
22.15332 55.22041 -193.3136 
22.15332 55.22041 -193.3136 
21.91397 55.21777 -193.4673 
21.6762 55.21526 -193.6235 
21.44003 55.21288 -193.7823 
21.20549 55.21064 -193.9436 
20.97261 55.20852 -194.1075 
20.74141 55.20653 -194.2738 
20.74141 55.20653 -194.2738 
20.51193 55.20466 -194.4426 
20.28419 55.20291 -194.6139 
20.05821 55.20127 -194.7876 
19.83402 55.19975 -194.9637 
19.83402 55.19975 -194.9637 
19.61165 55.19835 -195.1423 
19.39112 55.19705 -195.3232 
19.17246 55.19586 -195.5064 
18.95569 55.19478 -195.692 
18.74083 55.19381 -195.8799 
18.74083 55.19381 -195.8799 
18.52792 55.19293 -196.0701 
18.31698 55.19216 -196.2626 
18.10802 55.19148 -196.4573 
17.90108 55.19091 -196.6543 
17.69617 55.19043 -196.8534 
17.69617 55.19043 -196.8534 
17.49333 55.19004 -197.0548 
17.29257 55.18974 -197.2583 
17.09392 55.18953 -197.4639 
16.8974 55.18941 -197.6716 
16.70304 55.18939 -197.8815 
16.70304 55.18939 -197.8815 
16.51084 55.18944 -198.0934 
16.32084 55.18957 -198.3074 
16.13307 55.18978 -198.5233 
15.94753 55.19007 -198.7413 
15.76425 55.19044 -198.9612 
15.76425 55.19044 -198.9612 
15.58325 55.19088 -199.1831 
15.40455 55.1914 -199.4069 
15.22818 55.19199 -199.6326 
15.05414 55.19265 -199.8602 
15.05414 55.19265 -199.8602 
14.88247 55.19339 -200.0896 
14.71319 55.19419 -200.3208 
14.5463 55.19506 -200.5539 
14.38183 55.196 -200.7887 
14.2198 55.197 -201.0252 
14.2198 55.197 -201.0252 
14.06023 55.19807 -201.2635 
13.90313 55.19919 -201.5034 
13.74852 55.20037 -201.745 
13.59643 55.20162 -201.9883 
13.44686 55.20292 -202.2331 
13.44686 55.20292 -202.2331 
13.29983 55.20428 -202.4796 
13.15537 55.2057 -202.7275 
13.01348 55.20717 -202.977 
12.87419 55.20869 -203.228 
12.7375 55.21026 -203.4805 
12.7375 55.21026 -203.4805 
12.60345 55.21188 -203.7344 
12.47202 55.21355 -203.9898 
12.34326 55.21528 -204.2465 
12.21716 55.21704 -204.5046 
12.09375 55.21886 -204.764 
12.09375 55.21886 -204.764 
11.97303 55.22072 -205.0247 
11.85502 55.22262 -205.2867 
11.73974 55.22457 -205.5499 
11.6272 55.22656 -205.8143 
11.5174 55.22859 -206.08 
11.5174 55.22859 -206.08 
11.41037 55.23067 -206.3468 
11.30611 55.23278 -206.6147 
11.20464 55.23493 -206.8837 
11.10597 55.23711 -207.1537 
11.10597 55.23711 -207.1537 
11.0101 55.23934 -207.4248 
10.91705 55.2416 -207.6969 
10.82684 55.2439 -207.97 
10.73946 55.24623 -208.244 
10.65494 55.2486 -208.519 
10.65494 55.2486 -208.519 
10.57327 55.251 -208.7948 
10.49447 55.25343 -209.0715 
10.41855 55.2559 -209.3491 
10.34552 55.25839 -209.6274 
10.27538 55.26091 -209.9065 
10.27538 55.26091 -209.9065 
10.20815 55.26346 -210.1863 
10.14382 55.26604 -210.4668 
10.08242 55.26865 -210.748 
10.02394 55.27128 -211.0298 
9.968384 55.27394 -211.3123 
9.968384 55.27394 -211.3123 
9.915771 55.27662 -211.5953 
9.866101 55.27933 -211.8788 
9.819382 55.28206 -212.1629 
9.775616 55.28481 -212.4475 
9.734811 55.28759 -212.7325 
9.734811 55.28759 -212.7325 
9.69697 55.29039 -213.018 
9.662097 55.29322 -213.3039 
9.630198 55.29607 -213.5901 
9.601273 55.29893 -213.8766 
9.575329 55.30182 -214.1634 
9.575329 55.30182 -214.1634 
9.552367 55.30473 -214.4505 
9.532391 55.30766 -214.7379 
9.515403 55.3106 -215.0254 
9.501405 55.31356 -215.3131 
9.501405 55.31356 -215.3131 
9.490397 55.31654 -215.601 
9.482384 55.31953 -215.889 
9.477364 55.32254 -216.177 
9.475338 55.32557 -216.4651 
9.476308 55.32861 -216.7532 
9.476308 55.32861 -216.7532 
9.480273 55.33167 -217.0413 
9.487233 55.33474 -217.3294 
9.497188 55.33782 -217.6173 
9.510136 55.34092 -217.9052 
9.526075 55.34403 -218.1929 
9.526075 55.34403 -218.1929 
9.545006 55.34715 -218.4805 
9.566924 55.35028 -218.7678 
9.591828 55.35343 -219.0549 
9.619717 55.35659 -219.3418 
9.650586 55.35975 -219.6283 
9.650586 55.35975 -219.6283 
9.684433 55.36293 -219.9145 
9.721253 55.36612 -220.2003 
9.761045 55.36932 -220.4858 
9.803802 55.37253 -220.7708 
9.84952 55.37574 -221.0554 
9.84952 55.37574 -221.0554 
9.898194 55.37897 -221.3395 
9.949821 55.3822 -221.6231 
10.00439 55.38544 -221.9061 
10.0619 55.38869 -222.1886 
10.12235 55.39195 -222.4704 
10.12235 55.39195 -222.4704 
10.18572 55.39521 -222.7516 
10.25202 55.39848 -223.0321 
10.32122 55.40176 -223.3119 
10.39334 55.40504 -223.591 
10.39334 55.40504 -223.591 
10.46835 55.40834 -223.8694 
10.54625 55.41163 -224.1469 
10.62703 55.41493 -224.4237 
10.71068 55.41823 -224.6995 
10.7972 55.42154 -224.9745 
10.7972 55.42154 -224.9745 
10.88657 55.42485 -225.2486 
10.97879 55.42817 -225.5217 
11.07385 55.43149 -225.7939 
11.17173 55.43481 -226.065 
11.27242 55.43814 -226.3352 
11.27242 55.43814 -226.3352 
11.37592 55.44147 -226.6042 
11.4822 55.4448 -226.8722 
11.59127 55.44814 -227.1391 
11.70311 55.45147 -227.4048 
11.81771 55.45481 -227.6693 
11.81771 55.45481 -227.6693 
11.93505 55.45815 -227.9326 
12.05511 55.46149 -228.1947 
12.1779 55.46483 -228.4556 
12.3034 55.46818 -228.7151 
12.43158 55.47152 -228.9733 
12.43158 55.47152 -228.9733 
12.56244 55.47487 -229.2302 
12.69597 55.47821 -229.4857 
12.83214 55.48156 -229.7398 
12.97095 55.48491 -229.9925 
13.11238 55.48825 -230.2437 
13.25641 55.4916 -230.4934 
13.25641 55.4916 -230.4934 
13.40303 55.49495 -230.7416 
13.55223 55.49829 -230.9883 
13.70398 55.50164 -231.2334 
13.85827 55.50498 -231.4769 
14.01508 55.50832 -231.7188 
14.01508 55.50832 -231.7188 
14.17439 55.51167 -231.959 
14.3362 55.515 -232.1976 
14.50048 55.51834 -232.4345 
14.66721 55.52169 -232.6696 
14.83638 55.52502 -232.903 
14.83638 55.52502 -232.903 
15.00796 55.52835 -233.1347 
15.18194 55.53168 -233.3645 
15.3583 55.53501 -233.5925 
15.53702 55.53834 -233.8187 
15.53702 55.53834 -233.8187 
15.71809 55.54166 -234.043 
15.90147 55.54498 -234.2654 
16.08715 55.54829 -234.4858 
16.27512 55.55161 -234.7044 
16.46535 55.55492 -234.9209 
16.46535 55.55492 -234.9209 
16.65781 55.55824 -235.1355 
16.8525 55.56154 -235.348 
17.04938 55.56484 -235.5585 
17.24844 55.56814 -235.767 
17.44966 55.57143 -235.9733 
17.44966 55.57143 -235.9733 
17.65301 55.57473 -236.1776 
17.85847 55.57801 -236.3797 
18.06602 55.5813 -236.5797 
18.27563 55.58457 -236.7775 
18.48729 55.58785 -236.9731 
18.48729 55.58785 -236.9731 
18.70097 55.59112 -237.1665 
18.91665 55.59439 -237.3577 
19.1343 55.59764 -237.5466 
19.3539 55.6009 -237.7332 
19.57543 55.60415 -237.9175 
19.57543 55.60415 -237.9175 
19.79886 55.6074 -238.0995 
20.02417 55.61065 -238.2792 
20.25133 55.61388 -238.4565 
20.48032 55.61712 -238.6314 
20.71112 55.62035 -238.804 
20.71112 55.62035 -238.804 
20.9437 55.62357 -238.9741 
21.17803 55.62679 -239.1418 
21.41409 55.63 -239.307 
21.65185 55.63321 -239.4698 
21.89129 55.63641 -239.6301 
21.89129 55.63641 -239.6301 
22.13238 55.6396 -239.7879 
22.37509 55.64279 -239.9432 
22.61941 55.64597 -240.0959 
22.8653 55.64915 -240.2461 
22.8653 55.64915 -240.2461 
23.11273 55.65232 -240.3937 
23.36168 55.65549 -240.5387 
23.61212 55.65865 -240.6812 
23.86403 55.6618 -240.821 
24.11737 55.66495 -240.9581 
24.11737 55.66495 -240.9581 
24.37213 55.66809 -241.0927 
24.62826 55.67122 -241.2245 
24.88575 55.67435 -241.3537 
25.14457 55.67747 -241.4802 
25.40469 55.6806 -241.604 
25.40469 55.6806 -241.604 
25.66607 55.68371 -241.7251 
25.9287 55.68681 -241.8435 
26.19254 55.68991 -241.9591 
26.45756 55.693 -242.072 
26.72374 55.69608 -242.1821 
26.72374 55.69608 -242.1821 
26.99104 55.69916 -242.2894 
27.25945 55.70223 -242.3939 
27.52892 55.70529 -242.4957 
27.79944 55.70835 -242.5946 
28.07096 55.7114 -242.6907 
28.07096 55.7114 -242.6907 
28.34347 55.71444 -242.7839 
28.61692 55.71748 -242.8743 
28.89131 55.72052 -242.9619 
29.16659 55.72358 -243.0466 
29.44276 55.72667 -243.1284 
29.44276 55.72667 -243.1284 
29.71979 55.7298 -243.2073 
29.99765 55.73298 -243.2833 
30.27632 55.73622 -243.3563 
30.55578 55.73953 -243.4264 
30.83599 55.74293 -243.4936 
30.83599 55.74293 -243.4936 
31.11693 55.74641 -243.5578 
31.39859 55.75 -243.619 
31.68092 55.75371 -243.6772 
31.96391 55.75753 -243.7324 
32.24752 55.76149 -243.7846 
32.24752 55.76149 -243.7846 
32.53174 55.76559 -243.8337 
32.81652 55.76983 -243.8799 
33.10185 55.77423 -243.9229 
33.38769 55.77876 -243.963 
33.674 55.78344 -244 
33.674 55.78344 -244 
33.96075 55.78825 -244.0339 
34.2479 55.7932 -244.0648 
34.53543 55.79828 -244.0926 
34.8233 55.80349 -244.1173 
35.11148 55.80882 -244.139 
35.11148 55.80882 -244.139 
35.39993 55.81427 -244.1577 
35.68861 55.81985 -244.1732 
35.9775 55.82554 -244.1857 
36.26657 55.83135 -244.1951 
36.55578 55.83727 -244.2015 
36.8451 55.84329 -244.2047 
37.13448 55.84943 -244.205 
37.13448 55.84943 -244.205 
37.42391 55.85567 -244.2021 
37.71334 55.86201 -244.1962 
38.00275 55.86845 -244.1872 
38.2921 55.87498 -244.1752 
38.58136 55.88162 -244.1601 
38.58136 55.88162 -244.1601 
38.87049 55.88834 -244.1419 
39.15947 55.89516 -244.1207 
39.44825 55.90207 -244.0965 
39.73681 55.90907 -244.0691 
40.02511 55.91613 -244.0388 
40.02511 55.91613 -244.0388 
40.31312 55.92328 -244.0054 
40.60081 55.93051 -243.9689 
40.88815 55.93782 -243.9295 
41.1751 55.9452 -243.8869 
41.46163 55.95266 -243.8414 
41.46163 55.95266 -243.8414 
41.7477 55.96019 -243.7929 
42.03329 55.96779 -243.7413 
42.31837 55.97546 -243.6867 
42.60289 55.9832 -243.6292 
42.88684 55.99099 -243.5686 
43.17017 55.99885 -243.5051 
43.17017 55.99885 -243.5051 
43.45285 56.00677 -243.4386 
43.73486 56.01475 -243.3691 
44.01616 56.02279 -243.2966 
44.29672 56.03089 -243.2212 
44.5765 56.03904 -243.1429 
44.5765 56.03904 -243.1429 
44.85549 56.04724 -243.0616 
45.13364 56.05549 -242.9773 
45.41093 56.06379 -242.8902 
45.68732 56.07214 -242.8002 
45.96278 56.08054 -242.7072 
45.96278 56.08054 -242.7072 
46.23729 56.08899 -242.6114 
46.5108 56.09748 -242.5127 
46.7833 56.10601 -242.4111 
47.05474 56.11458 -242.3067 
47.32511 56.1232 -242.1994 
47.32511 56.1232 -242.1994 
47.59437 56.13184 -242.0893 
47.86249 56.14053 -241.9764 
48.12944 56.14925 -241.8607 
48.39518 56.15801 -241.7422 
48.65971 56.16681 -241.621 
48.65971 56.16681 -241.621 
48.92297 56.17563 -241.4969 
49.18495 56.18449 -241.3701 
49.44561 56.19339 -241.2406 
49.70493 56.2023 -241.1084 
49.96286 56.21125 -240.9734 
49.96286 56.21125 -240.9734 
50.2194 56.22022 -240.8358 
50.47451 56.22921 -240.6954 
50.72815 56.23824 -240.5524 
50.98032 56.24728 -240.4068 
50.98032 56.24728 -240.4068 
51.23096 56.25635 -240.2585 
51.48006 56.26544 -240.1077 
51.7276 56.27456 -239.9542 
51.97353 56.28369 -239.7981 
52.21785 56.29284 -239.6395 
52.21785 56.29284 -239.6395 
52.4605 56.30201 -239.4784 
52.70148 56.3112 -239.3147 
52.94076 56.3204 -239.1485 
53.17831 56.32962 -238.9798 
53.4141 56.33885 -238.8087 
53.6481 56.34809 -238.6351 
53.88029 56.35735 -238.4591 
53.88029 56.35735 -238.4591 
54.11065 56.36663 -238.2806 
54.33915 56.37592 -238.0998 
54.56577 56.38522 -237.9166 
54.79047 56.39452 -237.731 
55.01325 56.40384 -237.5431 
55.01325 56.40384 -237.5431 
55.23407 56.41316 -237.3529 
55.4529 56.42249 -237.1604 
55.66972 56.43183 -236.9657 
55.88452 56.44118 -236.7686 
56.09726 56.45053 -236.5694 
56.09726 56.45053 -236.5694 
56.30792 56.45988 -236.3679 
56.51649 56.46924 -236.1643 
56.72293 56.4786 -235.9585 
56.92723 56.48796 -235.7505 
57.12935 56.49733 -235.5405 
57.12935 56.49733 -235.5405 
57.32929 56.5067 -235.3284 
57.52702 56.51608 -235.1142 
57.72251 56.52546 -234.8979 
57.91574 56.53483 -234.6796 
58.10671 56.5442 -234.4594 
58.10671 56.5442 -234.4594 
58.29537 56.55358 -234.2371 
58.48172 56.56295 -234.0129 
58.66573 56.57232 -233.7868 
58.84739 56.58169 -233.5588 
59.02666 56.59105 -233.3289 
59.02666 56.59105 -233.3289 
59.20354 56.60041 -233.0971 
59.37801 56.60977 -232.8636 
59.55005 56.61913 -232.6282 
59.71962 56.62848 -232.391 
59.71962 56.62848 -232.391 
59.88672 56.63782 -232.1521 
60.05133 56.64716 -231.9115 
60.21344 56.65649 -231.6692 
60.37302 56.66581 -231.4252 
60.53006 56.67513 -231.1796 
60.53006 56.67513 -231.1796 
60.68454 56.68444 -230.9324 
60.83644 56.69375 -230.6835 
60.98575 56.70304 -230.4332 
61.13245 56.71233 -230.1813 
61.27653 56.72161 -229.9278 
61.27653 56.72161 -229.9278 
61.41796 56.73088 -229.6729 
61.55674 56.74014 -229.4165 
61.69285 56.74939 -229.1588 
61.82627 56.75863 -228.8996 
61.95699 56.76786 -228.639 
61.95699 56.76786 -228.639 
62.085 56.77708 -228.3772 
62.21028 56.78629 -228.114 
62.33282 56.79548 -227.8495 
62.45261 56.80466 -227.5838 
62.56963 56.81384 -227.3168 
62.56963 56.81384 -227.3168 
62.68387 56.823 -227.0486 
62.79533 56.83215 -226.7793 
62.90399 56.8413 -226.5089 
63.00986 56.85044 -226.2374 
63.00986 56.85044 -226.2374 
63.11293 56.85958 -225.9647 
63.21318 56.86873 -225.6911 
63.31062 56.87788 -225.4164 
63.40523 56.88703 -225.1408 
63.49701 56.89618 -224.8642 
63.58595 56.90534 -224.5866 
63.58595 56.90534 -224.5866 
63.67204 56.91451 -224.3082 
63.75527 56.92368 -224.0289 
63.83564 56.93285 -223.7488 
63.91315 56.94204 -223.4679 
63.91315 56.94204 -223.4679 
63.98779 56.95124 -223.1862 
64.05956 56.96046 -222.9038 
64.12847 56.96968 -222.6206 
64.19451 56.97894 -222.3368 
64.2577 56.98823 -222.0523 
64.2577 56.98823 -222.0523 
64.31802 56.99754 -221.7672 
64.3755 57.00689 -221.4816 
64.43014 57.01628 -221.1953 
64.48194 57.02572 -220.9085 
64.53091 57.03521 -220.6213 
64.53091 57.03521 -220.6213 
64.57709 57.04477 -220.3335 
64.62046 57.05439 -220.0453 
64.66105 57.06407 -219.7567 
64.69888 57.07381 -219.4678 
64.73397 57.08361 -219.1785 
64.73397 57.08361 -219.1785 
64.76633 57.09346 -218.8888 
64.79601 57.10339 -218.5989 
64.823 57.11338 -218.3087 
64.84734 57.12343 -218.0183 
64.84734 57.12343 -218.0183 
64.86906 57.13355 -217.7277 
64.88816 57.14374 -217.4369 
64.90469 57.154 -217.146 
64.91867 57.16434 -216.8549 
64.93014 57.17475 -216.5638 
64.93014 57.17475 -216.5638 
64.93912 57.18524 -216.2726 
64.94563 57.19581 -215.9813 
64.94973 57.20647 -215.6899 
64.95144 57.21721 -215.3986 
64.95078 57.22804 -215.1072 
64.95078 57.22804 -215.1072 
64.9478 57.23897 -214.8159 
64.94253 57.24999 -214.5247 
64.935 57.26111 -214.2335 
64.92525 57.27233 -213.9424 
64.91334 57.28365 -213.6513 
64.91334 57.28365 -213.6513 
64.89928 57.29508 -213.3604 
64.88313 57.30663 -213.0696 
64.86491 57.31828 -212.779 
64.84468 57.33004 -212.4885 
64.82246 57.34192 -212.1982 
64.82246 57.34192 -212.1982 
64.7983 57.35392 -211.908 
64.77226 57.36604 -211.618 
64.74437 57.37828 -211.3282 
64.71468 57.39065 -211.0386 
64.68321 57.40314 -210.7492 
64.68321 57.40314 -210.7492 
64.65004 57.41576 -210.46 
64.6152 57.42854 -210.171 
64.57874 57.4415 -209.8825 
64.54073 57.45467 -209.5944 
64.54073 57.45467 -209.5944 
64.5012 57.46808 -209.3067 
64.46021 57.48175 -209.0197 
64.4178 57.49572 -208.7333 
64.37404 57.50999 -208.4477 
64.32896 57.52462 -208.1629 
64.32896 57.52462 -208.1629 
64.28263 57.5396 -207.8789 
64.23508 57.55499 -207.5958 
64.18639 57.57078 -207.3138 
64.13657 57.58701 -207.0328 
64.0857 57.60372 -206.7529 
64.0857 57.60372 -206.7529 
64.03382 57.6209 -206.4742 
63.98098 57.63859 -206.1968 
63.92722 57.6568 -205.9206 
63.87259 57.67556 -205.6458 
63.81714 57.69488 -205.3725 
63.81714 57.69488 -205.3725 
63.76093 57.71479 -205.1006 
63.70399 57.73531 -204.8303 
63.64636 57.75645 -204.5615 
63.58811 57.77824 -204.2944 
63.52926 57.80069 -204.029 
63.52926 57.80069 -204.029 
63.46988 57.8238 -203.7653 
63.40998 57.84761 -203.5035 
63.34964 57.87212 -203.2435 
63.28887 57.89735 -202.9855 
63.22773 57.92331 -202.7294 
63.22773 57.92331 -202.7294 
63.16626 57.95002 -202.4753 
63.1045 57.97748 -202.2232 
63.04247 58.00571 -201.9733 
62.98024 58.03473 -201.7256 
62.98024 58.03473 -201.7256 
62.91782 58.06453 -201.48 
62.85527 58.09512 -201.2367 
62.79261 58.12653 -200.9957 
62.72988 58.15874 -200.7571 
62.66712 58.19178 -200.5209 
62.66712 58.19178 -200.5209 
62.60436 58.22564 -200.2871 
62.54163 58.26033 -200.0558 
62.47897 58.29586 -199.827 
62.41641 58.33223 -199.6008 
62.35398 58.36945 -199.3772 
62.35398 58.36945 -199.3772 
62.29171 58.4075 -199.1563 
62.22963 58.4464 -198.9381 
62.16778 58.48615 -198.7226 
62.10617 58.52674 -198.51 
62.04484 58.56818 -198.3002 
62.04484 58.56818 -198.3002 
61.98381 58.61045 -198.0932 
61.92311 58.65358 -197.8892 
61.86277 58.69753 -197.6881 
61.8028 58.74231 -197.49 
61.7432 58.78788 -197.2947 
61.7432 58.78788 -197.2947 
61.68399 58.83423 -197.1023 
61.62519 58.88133 -196.9128 
61.56679 58.92916 -196.726 
61.50881 58.97771 -196.5419 
61.45126 59.02695 -196.3606 
61.45126 59.02695 -196.3606 
61.39414 59.07686 -196.182 
61.33747 59.12742 -196.006 
61.28124 59.17861 -195.8327 
61.22547 59.23042 -195.6619 
61.22547 59.23042 -195.6619 
61.17017 59.28281 -195.4937 
61.11533 59.33578 -195.328 
61.06097 59.3893 -195.1648 
61.00708 59.44336 -195.0041 
60.95368 59.49792 -194.8458 
60.95368 59.49792 -194.8458 
60.90076 59.55299 -194.6899 
60.84834 59.60854 -194.5363 
60.79641 59.66455 -194.3851 
60.74498 59.72099 -194.2363 
60.69405 59.77786 -194.0896 
60.64362 59.83514 -193.9453 
60.59369 59.89281 -193.8031 
60.59369 59.89281 -193.8031 
60.54427 59.95084 -193.6631 
60.49536 60.00924 -193.5253 
60.44695 60.06797 -193.3896 
60.39906 60.12702 -193.256 
60.39906 60.12702 -193.256 
60.35168 60.18637 -193.1245 
60.30481 60.24601 -192.9951 
60.25844 60.30592 -192.8676 
60.21259 60.36609 -192.7421 
60.16724 60.42651 -192.6186 
60.16724 60.42651 -192.6186 
60.12241 60.48714 -192.4971 
60.07809 60.54799 -192.3774 
60.03428 60.60904 -192.2596 
59.99097 60.67027 -192.1437 
59.94818 60.73166 -192.0296 
59.90588 60.79321 -191.9173 
59.86409 60.85489 -191.8068 
59.86409 60.85489 -191.8068 
59.8228 60.9167 -191.698 
59.78202 60.97862 -191.591 
59.74173 61.04064 -191.4857 
59.70193 61.10274 -191.382 
59.66262 61.16492 -191.28 
59.66262 61.16492 -191.28 
59.62381 61.22716 -191.1797 
59.58548 61.28944 -191.081 
59.54764 61.35176 -190.9838 
59.51028 61.4141 -190.8882 
59.4734 61.47645 -190.7942 
59.4734 61.47645 -190.7942 
59.437 61.5388 -190.7016 
59.40107 61.60114 -190.6106 
59.36561 61.66346 -190.521 
59.33062 61.72574 -190.4329 
59.33062 61.72574 -190.4329 
59.29609 61.78798 -190.3462 
59.26203 61.85015 -190.261 
59.22842 61.91227 -190.1771 
59.19526 61.97431 -190.0946 
59.16256 62.03626 -190.0134 
59.16256 62.03626 -190.0134 
59.1303 62.09812 -189.9336 
59.09849 62.15987 -189.8551 
59.06712 62.22151 -189.7778 
59.03618 62.28302 -189.7019 
59.00567 62.3444 -189.6272 
59.00567 62.3444 -189.6272 
58.97559 62.40564 -189.5537 
58.94593 62.46672 -189.4814 
58.91669 62.52765 -189.4103 
58.88787 62.5884 -189.3404 
58.85947 62.64898 -189.2717 
58.85947 62.64898 -189.2717 
58.83147 62.70938 -189.2041 
58.80388 62.76959 -189.1376 
58.77669 62.82959 -189.0723 
58.74989 62.88939 -189.008 
58.72348 62.94898 -188.9448 
58.72348 62.94898 -188.9448 
58.69746 63.00834 -188.8827 
58.67183 63.06747 -188.8216 
58.64657 63.12637 -188.7615 
58.6217 63.18502 -188.7024 
58.6217 63.18502 -188.7024 
58.59719 63.24343 -188.6443 
58.54927 63.35947 -188.5311 
58.54927 63.35947 -188.5311 
58.52586 63.41708 -188.4759 
58.5028 63.47443 -188.4217 
58.48009 63.53149 -188.3683 
58.45773 63.58827 -188.3159 
58.43572 63.64476 -188.2644 
58.43572 63.64476 -188.2644 
58.41404 63.70095 -188.2137 
58.39271 63.75684 -188.1639 
58.3717 63.81242 -188.115 
58.35102 63.86768 -188.0668 
58.35102 63.86768 -188.0668 
58.33067 63.92263 -188.0195 
58.31064 63.97726 -187.973 
58.29092 64.03156 -187.9274 
58.27151 64.08552 -187.8824 
58.25241 64.13914 -187.8383 
58.25241 64.13914 -187.8383 
58.23362 64.19243 -187.7949 
58.21513 64.24537 -187.7523 
58.19693 64.29796 -187.7104 
58.17903 64.3502 -187.6692 
58.16142 64.40208 -187.6288 
58.16142 64.40208 -187.6288 
58.14409 64.4536 -187.589 
58.12704 64.50475 -187.5499 
58.11028 64.55553 -187.5115 
58.09378 64.60594 -187.4738 
58.07756 64.65598 -187.4367 
58.07756 64.65598 -187.4367 
58.06161 64.70563 -187.4002 
58.04592 64.7549 -187.3644 
58.03049 64.80378 -187.3292 
58.01532 64.85227 -187.2947 
58.0004 64.90038 -187.2607 
57.98574 64.94808 -187.2273 
57.97132 64.99539 -187.1945 
57.95714 65.0423 -187.1623 
57.95714 65.0423 -187.1623 
57.9432 65.08881 -187.1307 
57.9295 65.1349 -187.0996 
57.91603 65.1806 -187.069 
57.90279 65.22588 -187.039 
57.90279 65.22588 -187.039 
57.88978 65.27074 -187.0095 
57.877 65.31519 -186.9806 
57.86443 65.35922 -186.9521 
57.85208 65.40283 -186.9242 
57.83995 65.44602 -186.8967 
57.83995 65.44602 -186.8967 
57.82803 65.48878 -186.8697 
57.81631 65.53113 -186.8432 
57.80481 65.57304 -186.8172 
57.7935 65.61452 -186.7916 
57.78239 65.65557 -186.7665 
57.78239 65.65557 -186.7665 
57.77148 65.69619 -186.7419 
57.76077 65.73637 -186.7177 
57.75024 65.77612 -186.6939 
57.7399 65.81543 -186.6705 
57.72975 65.8543 -186.6476 
57.72975 65.8543 -186.6476 
57.71978 65.89273 -186.625 
57.70999 65.93072 -186.6029 
57.70038 65.96826 -186.5811 
57.69094 66.00536 -186.5598 
57.68167 66.04202 -186.5388 
57.68167 66.04202 -186.5388 
57.67257 66.07822 -186.5182 
57.66364 66.11398 -186.498 
57.65488 66.14929 -186.4782 
57.64627 66.18415 -186.4587 
57.63783 66.21856 -186.4395 
57.63783 66.21856 -186.4395 
57.62955 66.25252 -186.4207 
57.62141 66.28603 -186.4023 
57.61343 66.31908 -186.3842 
57.60559 66.35168 -186.3664 
57.60559 66.35168 -186.3664 
57.5979 66.38383 -186.3489 
57.59036 66.41551 -186.3318 
57.58297 66.44675 -186.3149 
57.57571 66.47752 -186.2984 
57.56859 66.50784 -186.2822 
57.56859 66.50784 -186.2822 
57.56161 66.5377 -186.2662 
57.55476 66.56711 -186.2506 
57.54805 66.59605 -186.2352 
57.54146 66.62454 -186.2202 
57.53501 66.65257 -186.2054 
57.53501 66.65257 -186.2054 
57.52868 66.68015 -186.1908 
57.52247 66.70725 -186.1766 
57.51638 66.7339 -186.1626 
57.51042 66.76009 -186.1489 
57.50457 66.78582 -186.1354 
57.50457 66.78582 -186.1354 
57.49884 66.81109 -186.1221 
57.49323 66.8359 -186.1092 
57.48772 66.86024 -186.0964 
57.48233 66.88413 -186.0839 
57.47704 66.90756 -186.0716 
57.47704 66.90756 -186.0716 
57.47186 66.93053 -186.0596 
57.46679 66.95303 -186.0477 
57.46182 66.97507 -186.0361 
57.45695 66.99666 -186.0247 
57.45218 67.01778 -186.0135 
57.45218 67.01778 -186.0135 
57.44751 67.03844 -186.0026 
57.44294 67.05865 -185.9918 
57.43847 67.07839 -185.9812 
57.43409 67.09767 -185.9709 
57.43409 67.09767 -185.9709 
57.4298 67.11649 -185.9607 
57.42561 67.13486 -185.9507 
57.4215 67.15276 -185.9409 
57.41748 67.1702 -185.9314 
57.41354 67.18719 -185.9219 
57.41354 67.18719 -185.9219 
57.4097 67.20371 -185.9127 
57.40594 67.21978 -185.9036 
57.40225 67.23539 -185.8947 
57.39865 67.25054 -185.886 
57.39513 67.26524 -185.8774 
57.39513 67.26524 -185.8774 
57.39169 67.27947 -185.869 
57.38832 67.29326 -185.8608 
57.38503 67.30659 -185.8527 
57.38181 67.31946 -185.8448 
57.37866 67.33187 -185.837 
57.37866 67.33187 -185.837 
57.37559 67.34383 -185.8294 
57.37258 67.35534 -185.8219 
57.36964 67.36639 -185.8146 
57.36678 67.37699 -185.8074 
57.36398 67.38714 -185.8004 
57.36398 67.38714 -185.8004 
57.36124 67.39684 -185.7935 
57.35857 67.40609 -185.7867 
57.35597 67.41489 -185.78 
57.35342 67.42323 -185.7735 
57.35342 67.42323 -185.7735 
57.35094 67.43112 -185.7671 
57.34852 67.43857 -185.7608 
57.34616 67.44556 -185.7547 
57.34386 67.45211 -185.7487 
57.34161 67.45821 -185.7428 
57.34161 67.45821 -185.7428 
57.33942 67.46386 -185.737 
57.33729 67.46906 -185.7313 
57.33521 67.47382 -185.7257 
57.33318 67.47813 -185.7203 
57.33121 67.482 -185.7149 
57.33121 67.482 -185.7149 
57.32928 67.48543 -185.7097 
57.32741 67.48841 -185.7045 
57.32559 67.49095 -185.6995 
57.32381 67.49304 -185.6945 
57.32208 67.4947 -185.6897 
57.32208 67.4947 -185.6897 
57.3204 67.49591 -185.685 
57.31876 67.49669 -185.6803 
57.31718 67.49702 -185.6758 
57.31563 67.49693 -185.6713 
57.31413 67.49638 -185.6669 
57.31413 67.49638 -185.6669 
57.31268 67.49541 -185.6626 
57.31126 67.494 -185.6584 
57.30989 67.49215 -185.6543 
57.30856 67.48986 -185.6503 
57.30726 67.48714 -185.6464 
57.30726 67.48714 -185.6464 
57.30601 67.48399 -185.6425 
57.3048 67.48041 -185.6387 
57.30362 67.47639 -185.635 
57.30248 67.47194 -185.6314 
57.30248 67.47194 -185.6314 
57.30138 67.46706 -185.6278 
57.30031 67.46175 -185.6243 
57.29928 67.45601 -185.6209 
57.29828 67.44984 -185.6176 
57.29732 67.44324 -185.6143 
57.29732 67.44324 -185.6143 
57.29639 67.43621 -185.6111 
57.29549 67.42876 -185.608 
57.29462 67.42088 -185.6049 
57.29379 67.41258 -185.6019 
57.29299 67.40385 -185.599 
57.29299 67.40385 -185.599 
57.29222 67.39471 -185.5961 
57.29147 67.38513 -185.5933 
57.29076 67.37514 -185.5905 
57.29007 67.36472 -185.5878 
57.28941 67.35389 -185.5852 
57.28879 67.34264 -185.5826 
57.28879 67.34264 -185.5826 
57.28819 67.33096 -185.5801 
57.28761 67.31887 -185.5776 
57.28706 67.30636 -185.5752 
57.28654 67.29343 -185.5728 
57.28604 67.28009 -185.5705 
57.28604 67.28009 -185.5705 
57.28556 67.26633 -185.5682 
57.28511 67.25216 -185.566 
57.28469 67.23757 -185.5639 
57.28428 67.22257 -185.5617 
57.28391 67.20716 -185.5597 
57.28391 67.20716 -185.5597 
57.28355 67.19134 -185.5576 
57.28321 67.1751 -185.5556 
57.28289 67.15845 -185.5537 
57.2826 67.1414 -185.5518 
57.28233 67.12393 -185.55 
57.28233 67.12393 -185.55 
57.28208 67.10606 -185.5482 
57.28185 67.08778 -185.5464 
57.28164 67.06908 -185.5447 
57.28145 67.04999 -185.543 
57.28145 67.04999 -185.543 
57.28127 67.03049 -185.5414 
57.28111 67.01058 -185.5398 
57.28097 66.99027 -185.5382 
57.28085 66.96956 -185.5367 
57.28074 66.94844 -185.5352 
57.28074 66.94844 -185.5352 
57.28066 66.92693 -185.5338 
57.28059 66.90501 -185.5323 
57.28053 66.88269 -185.531 
57.28049 66.85997 -185.5296 
57.28048 66.83685 -185.5283 
57.28048 66.83685 -185.5283 
57.28047 66.81334 -185.527 
57.28048 66.78942 -185.5257 
57.2805 66.76511 -185.5245 
57.28053 66.74039 -185.5233 
57.28058 66.71529 -185.5222 
57.28058 66.71529 -185.5222 
57.28065 66.6898 -185.521 
57.28073 66.6639 -185.5199 
57.28082 66.63761 -185.5189 
57.28093 66.61093 -185.5178 
57.28104 66.58386 -185.5168 
57.28104 66.58386 -185.5168 
57.28117 66.55642 -185.5158 
57.28131 66.52861 -185.5148 
57.28147 66.50044 -185.5139 
57.28164 66.47192 -185.513 
57.28164 66.47192 -185.513 
57.28181 66.44306 -185.5121 
57.282 66.41386 -185.5112 
57.2822 66.38434 -185.5103 
57.28241 66.35449 -185.5095 
57.28263 66.32433 -185.5087 
57.28263 66.32433 -185.5087 
57.28287 66.29387 -185.5079 
57.28311 66.26311 -185.5072 
57.28336 66.23206 -185.5065 
57.28363 66.20072 -185.5058 
57.2839 66.16911 -185.5051 
57.2839 66.16911 -185.5051 
57.28418 66.13722 -185.5044 
57.28448 66.10507 -185.5038 
57.28479 66.07267 -185.5031 
57.2851 66.04002 -185.5025 
57.28542 66.00712 -185.5019 
57.28542 66.00712 -185.5019 
57.28575 65.97398 -185.5014 
57.28609 65.94061 -185.5008 
57.28644 65.90701 -185.5003 
57.2868 65.87318 -185.4998 
57.28716 65.83915 -185.4993 
57.28716 65.83915 -185.4993 
57.28754 65.8049 -185.4988 
57.28791 65.77045 -185.4983 
57.28831 65.73579 -185.4979 
57.2887 65.70094 -185.4975 
57.2887 65.70094 -185.4975 
57.28911 65.66591 -185.497 
57.28952 65.63069 -185.4966 
57.28995 65.59529 -185.4963 
57.29037 65.55972 -185.4959 
57.29081 65.52397 -185.4955 
57.29081 65.52397 -185.4955 
57.29125 65.48806 -185.4952 
57.29169 65.45199 -185.4948 
57.29212 65.41576 -185.4943 
57.29253 65.37939 -185.4935 
57.29291 65.34286 -185.4924 
57.29291 65.34286 -185.4924 
57.29325 65.3062 -185.491 
57.29355 65.26939 -185.4892 
57.29378 65.23245 -185.4868 
57.29395 65.19538 -185.4839 
57.29403 65.15819 -185.4803 
57.29403 65.15819 -185.4803 
57.29402 65.12086 -185.476 
57.29391 65.0834 -185.4709 
57.29367 65.04583 -185.4649 
57.29331 65.00814 -185.4581 
57.2928 64.97033 -185.4502 
57.2928 64.97033 -185.4502 
57.29214 64.9324 -185.4413 
57.2913 64.89436 -185.4314 
57.29028 64.8562 -185.4202 
57.28905 64.81792 -185.4078 
57.28761 64.77953 -185.3942 
57.28761 64.77953 -185.3942 
57.28593 64.741 -185.3792 
57.284 64.70235 -185.3628 
57.2818 64.66358 -185.3449 
57.27931 64.62468 -185.3256 
57.27651 64.58565 -185.3047 
57.27651 64.58565 -185.3047 
57.27338 64.54647 -185.2822 
57.26991 64.50716 -185.258 
57.26606 64.46768 -185.2321 
57.26181 64.42805 -185.2045 
57.26181 64.42805 -185.2045 
57.25714 64.38828 -185.175 
57.25202 64.34832 -185.1437 
57.24643 64.30819 -185.1104 
57.24033 64.26787 -185.0753 
57.23371 64.22736 -185.0381 
57.23371 64.22736 -185.0381 
57.22652 64.18664 -184.9989 
57.21873 64.1457 -184.9576 
57.21031 64.10452 -184.9142 
57.20123 64.06311 -184.8687 
57.19144 64.02144 -184.821 
57.19144 64.02144 -184.821 
57.18092 63.9795 -184.7711 
57.16962 63.93727 -184.7189 
57.15751 63.89475 -184.6644 
57.14454 63.85192 -184.6077 
57.13067 63.80875 -184.5485 
57.13067 63.80875 -184.5485 
57.11587 63.76524 -184.487 
57.10009 63.72136 -184.4231 
57.0833 63.67709 -184.3568 
57.06546 63.63243 -184.288 
57.04652 63.58735 -184.2167 
57.04652 63.58735 -184.2167 
57.02644 63.54184 -184.1429 
57.00518 63.49586 -184.0667 
56.98272 63.44942 -183.9879 
56.95905 63.4025 -183.9067 
56.95905 63.4025 -183.9067 
56.93415 63.35511 -183.8232 
56.908 63.30721 -183.7374 
56.88058 63.25882 -183.6493 
56.85188 63.20993 -183.559 
56.8219 63.16052 -183.4666 
56.8219 63.16052 -183.4666 
56.7906 63.1106 -183.3721 
56.758 63.06015 -183.2755 
56.72408 63.00919 -183.177 
56.68882 62.9577 -183.0765 
56.65223 62.90567 -182.974 
56.65223 62.90567 -182.974 
56.61429 62.85311 -182.8698 
56.575 62.80001 -182.7637 
56.53437 62.74638 -182.6558 
56.49239 62.69221 -182.5462 
56.44905 62.6375 -182.4349 
56.44905 62.6375 -182.4349 
56.40437 62.58225 -182.322 
56.35832 62.52645 -182.2075 
56.31093 62.47012 -182.0914 
56.26219 62.41325 -181.9738 
56.21211 62.35583 -181.8547 
56.21211 62.35583 -181.8547 
56.1607 62.29788 -181.7341 
56.10798 62.23939 -181.6121 
56.05394 62.18037 -181.4888 
55.9986 62.12081 -181.364 
55.9986 62.12081 -181.364 
55.94199 62.06073 -181.2379 
55.88411 62.00011 -181.1106 
55.82497 61.93898 -180.9819 
55.7646 61.87732 -180.852 
55.70301 61.81514 -180.7208 
55.70301 61.81514 -180.7208 
55.64022 61.75244 -180.5885 
55.57623 61.68922 -180.4549 
55.51109 61.6255 -180.3202 
55.44479 61.56127 -180.1844 
55.37736 61.49654 -180.0474 
55.37736 61.49654 -180.0474 
55.30882 61.4313 -179.9093 
55.2392 61.36557 -179.7702 
55.1685 61.29935 -179.6299 
55.09675 61.23263 -179.4886 
55.02396 61.16543 -179.3463 
54.95016 61.09775 -179.203 
54.95016 61.09775 -179.203 
54.87535 61.02959 -179.0587 
54.79956 60.96096 -178.9134 
54.72279 60.89185 -178.7671 
54.64508 60.82228 -178.6199 
54.64508 60.82228 -178.6199 
54.56643 60.75225 -178.4718 
54.48687 60.68176 -178.3228 
54.40639 60.61081 -178.1728 
54.32502 60.53941 -178.022 
54.24277 60.46757 -177.8703 
54.24277 60.46757 -177.8703 
54.15967 60.39529 -177.7178 
54.07572 60.32257 -177.5644 
53.99095 60.24942 -177.4102 
53.90537 60.17585 -177.2552 
53.819 60.10185 -177.0993 
53.819 60.10185 -177.0993 
53.73186 60.02744 -176.9427 
53.64397 59.95261 -176.7853 
53.55535 59.87738 -176.6272 
53.46601 59.80174 -176.4682 
53.37597 59.7257 -176.3085 
53.37597 59.7257 -176.3085 
53.28526 59.64928 -176.1481 
53.19389 59.57246 -175.9869 
53.10189 59.49525 -175.825 
53.00927 59.41767 -175.6623 
52.91605 59.33971 -175.499 
52.91605 59.33971 -175.499 
52.82224 59.26138 -175.3349 
52.72787 59.18269 -175.1701 
52.63294 59.10365 -175.0046 
52.53748 59.02424 -174.8384 
52.4415 58.94448 -174.6716 
52.4415 58.94448 -174.6716 
52.34501 58.86438 -174.5041 
52.24802 58.78394 -174.3359 
52.15055 58.70317 -174.1671 
52.0526 58.62206 -173.9976 
51.9542 58.54063 -173.8275 
51.9542 58.54063 -173.8275 
51.85536 58.45888 -173.6568 
51.75608 58.37681 -173.4854 
51.65637 58.29443 -173.3134 
51.55625 58.21174 -173.1409 
51.45573 58.12875 -172.9677 
51.45573 58.12875 -172.9677 
51.35481 58.04547 -172.7939 
51.25351 57.96189 -172.6196 
51.15182 57.87803 -172.4447 
51.04977 57.79388 -172.2692 
51.04977 57.79388 -172.2692 
50.94737 57.70947 -172.0932 
50.84462 57.62477 -171.9166 
50.74154 57.53981 -171.7395 
50.63814 57.45459 -171.5618 
50.53443 57.3691 -171.3836 
50.53443 57.3691 -171.3836 
50.43043 57.28336 -171.2048 
50.32614 57.19738 -171.0256 
50.22158 57.11115 -170.8458 
50.11677 57.02468 -170.6655 
50.01171 56.93797 -170.4846 
50.01171 56.93797 -170.4846 
49.90641 56.85104 -170.3033 
49.8009 56.76388 -170.1214 
49.69518 56.6765 -169.9391 
49.58926 56.5889 -169.7562 
49.48317 56.50109 -169.5728 
49.48317 56.50109 -169.5728 
49.3769 56.41307 -169.389 
49.27048 56.32484 -169.2046 
49.16393 56.23642 -169.0197 
49.05724 56.14781 -168.8344 
48.95042 56.059 -168.6486 
48.8435 55.97001 -168.4622 
48.73648 55.88083 -168.2754 
48.73648 55.88083 -168.2754 
48.62936 55.79147 -168.0882 
48.52216 55.70195 -167.9004 
48.41487 55.61225 -167.7122 
48.3075 55.52238 -167.5235 
48.20007 55.43236 -167.3344 
48.20007 55.43236 -167.3344 
48.09258 55.34217 -167.1448 
47.98502 55.25184 -166.9548 
47.87742 55.16135 -166.7643 
47.76977 55.07072 -166.5734 
47.66207 54.97995 -166.3821 
47.66207 54.97995 -166.3821 
47.55433 54.88903 -166.1903 
47.44656 54.79799 -165.9981 
47.33875 54.70681 -165.8055 
47.23092 54.61551 -165.6125 
47.23092 54.61551 -165.6125 
47.12305 54.52408 -165.4191 
47.01516 54.43254 -165.2252 
46.90725 54.34088 -165.031 
46.79932 54.2491 -164.8364 
46.69137 54.15722 -164.6414 
46.69137 54.15722 -164.6414 
46.58341 54.06524 -164.446 
46.47543 53.97315 -164.2502 
46.36745 53.88097 -164.0541 
46.25945 53.78869 -163.8576 
46.15145 53.69632 -163.6607 
46.15145 53.69632 -163.6607 
46.04344 53.60387 -163.4635 
45.93542 53.51133 -163.2659 
45.8274 53.41871 -163.0679 
45.71939 53.32601 -162.8697 
45.61136 53.23324 -162.6711 
45.50335 53.14039 -162.4721 
45.50335 53.14039 -162.4721 
45.39532 53.04748 -162.2728 
45.28731 52.95451 -162.0732 
45.17929 52.86152 -161.8733 
45.07127 52.76851 -161.673 
44.96324 52.67549 -161.4724 
44.96324 52.67549 -161.4724 
44.85521 52.5825 -161.2715 
44.74718 52.48953 -161.0702 
44.63913 52.39662 -160.8686 
44.53108 52.30376 -160.6667 
44.53108 52.30376 -160.6667 
44.42302 52.21099 -160.4644 
44.31494 52.11831 -160.2618 
44.20685 52.02573 -160.0589 
44.09875 51.93324 -159.8556 
43.99064 51.84084 -159.652 
43.99064 51.84084 -159.652 
43.88253 51.74854 -159.4482 
43.7744 51.65633 -159.244 
43.66628 51.56422 -159.0395 
43.55814 51.47221 -158.8347 
43.45 51.38029 -158.6296 
43.45 51.38029 -158.6296 
43.34185 51.28847 -158.4242 
43.2337 51.19675 -158.2185 
43.12555 51.10512 -158.0125 
43.0174 51.01359 -157.8063 
42.90924 50.92216 -157.5998 
42.90924 50.92216 -157.5998 
42.80108 50.83083 -157.393 
42.69292 50.73959 -157.1859 
42.58476 50.64845 -156.9785 
42.4766 50.55742 -156.7709 
42.36845 50.46648 -156.563 
42.36845 50.46648 -156.563 
42.26029 50.37564 -156.3549 
42.15213 50.2849 -156.1465 
42.04397 50.19427 -155.9379 
41.93581 50.10373 -155.729 
41.82766 50.0133 -155.5199 
41.82766 50.0133 -155.5199 
41.7195 49.92297 -155.3106 
41.61136 49.83274 -155.101 
41.50322 49.74261 -154.8911 
41.39511 49.65257 -154.681 
41.39511 49.65257 -154.681 
41.28701 49.56262 -154.4707 
41.17896 49.47276 -154.2602 
41.07093 49.38299 -154.0494 
40.96295 49.29331 -153.8384 
40.85501 49.2037 -153.6272 
40.85501 49.2037 -153.6272 
40.74712 49.11418 -153.4157 
40.63927 49.02474 -153.204 
40.53148 48.93538 -152.9921 
40.42373 48.84608 -152.78 
40.31605 48.75686 -152.5677 
40.31605 48.75686 -152.5677 
40.20842 48.66771 -152.3551 
40.10085 48.57862 -152.1424 
39.99334 48.4896 -151.9294 
39.88589 48.40065 -151.7163 
39.7785 48.31176 -151.5029 
39.7785 48.31176 -151.5029 
39.67118 48.22293 -151.2894 
39.56392 48.13416 -151.0756 
39.45673 48.04544 -150.8617 
39.3496 47.95678 -150.6475 
39.24254 47.86818 -150.4332 
39.24254 47.86818 -150.4332 
39.13554 47.77963 -150.2187 
39.02861 47.69113 -150.004 
38.92175 47.60268 -149.7891 
38.81496 47.51428 -149.5741 
38.70823 47.42593 -149.3589 
38.70823 47.42593 -149.3589 
38.60156 47.33762 -149.1435 
38.49496 47.24936 -148.9279 
38.38843 47.16114 -148.7122 
38.28197 47.07296 -148.4963 
38.28197 47.07296 -148.4963 
38.17558 46.98482 -148.2802 
38.06924 46.89672 -148.064 
37.96297 46.80867 -147.8477 
37.85678 46.72065 -147.6311 
37.75064 46.63267 -147.4145 
37.75064 46.63267 -147.4145 
37.64458 46.54472 -147.1977 
37.53857 46.45681 -146.9807 
37.43263 46.36892 -146.7636 
37.32676 46.28107 -146.5464 
37.22094 46.19326 -146.329 
37.22094 46.19326 -146.329 
37.1152 46.10547 -146.1115 
37.00951 46.01771 -145.8939 
36.90389 45.92998 -145.6761 
36.79833 45.84228 -145.4582 
36.69283 45.75461 -145.2401 
36.5874 45.66697 -145.022 
36.48202 45.57934 -144.8037 
36.37671 45.49174 -144.5853 
36.37671 45.49174 -144.5853 
36.27145 45.40417 -144.3667 
36.16625 45.31662 -144.1481 
36.06111 45.22909 -143.9293 
35.95603 45.14159 -143.7104 
35.95603 45.14159 -143.7104 
35.85101 45.0541 -143.4914 
35.74604 44.96665 -143.2723 
35.64113 44.87925 -143.0531 
35.53627 44.79191 -142.8338 
35.43145 44.70465 -142.6143 
35.43145 44.70465 -142.6143 
35.32668 44.61748 -142.3947 
35.22195 44.53041 -142.175 
35.11727 44.44345 -141.9551 
35.01262 44.35662 -141.7351 
34.90801 44.26993 -141.515 
34.90801 44.26993 -141.515 
34.80344 44.18338 -141.2947 
34.69889 44.097 -141.0743 
34.59438 44.0108 -140.8537 
34.48989 43.92477 -140.633 
34.38544 43.83895 -140.4121 
34.38544 43.83895 -140.4121 
34.281 43.75331 -140.1911 
34.17659 43.66786 -139.97 
34.07221 43.5826 -139.7487 
33.96785 43.49751 -139.5273 
33.86353 43.4126 -139.3057 
33.86353 43.4126 -139.3057 
33.75922 43.32786 -139.084 
33.65494 43.24329 -138.8622 
33.55069 43.15888 -138.6402 
33.44647 43.07463 -138.4181 
33.34227 42.99055 -138.1959 
33.34227 42.99055 -138.1959 
33.2381 42.90662 -137.9735 
33.13396 42.82283 -137.7511 
33.02984 42.7392 -137.5285 
32.92575 42.65571 -137.3058 
32.82169 42.57238 -137.083 
32.82169 42.57238 -137.083 
32.71766 42.48917 -136.86 
32.61366 42.40611 -136.637 
32.50968 42.32317 -136.4138 
32.40573 42.24036 -136.1906 
32.3018 42.15769 -135.9672 
32.19791 42.07513 -135.7437 
32.19791 42.07513 -135.7437 
32.09404 41.99271 -135.5201 
31.9902 41.9104 -135.2965 
31.88639 41.82821 -135.0727 
31.78261 41.74613 -134.8488 
31.67886 41.66417 -134.6248 
31.67886 41.66417 -134.6248 
31.57513 41.58231 -134.4008 
31.47144 41.50056 -134.1766 
31.36777 41.41893 -133.9524 
31.26413 41.33739 -133.7281 
31.16052 41.25595 -133.5036 
31.16052 41.25595 -133.5036 
31.05693 41.17462 -133.2791 
30.95338 41.09338 -133.0545 
30.84985 41.01224 -132.8298 
30.74635 40.93119 -132.6051 
30.64288 40.85023 -132.3802 
30.53944 40.76936 -132.1553 
30.53944 40.76936 -132.1553 
30.43603 40.68857 -131.9303 
30.33265 40.60788 -131.7052 
30.22929 40.52726 -131.4801 
30.12597 40.44674 -131.2549 
30.12597 40.44674 -131.2549 
30.02267 40.36628 -131.0296 
29.9194 40.28591 -130.8042 
29.81616 40.20562 -130.5788 
29.71295 40.1254 -130.3532 
29.60976 40.04525 -130.1276 
29.60976 40.04525 -130.1276 
29.50661 39.96518 -129.902 
29.40349 39.88517 -129.6763 
29.30039 39.80524 -129.4505 
29.19732 39.72538 -129.2246 
29.09428 39.64558 -128.9987 
29.09428 39.64558 -128.9987 
28.99127 39.56585 -128.7728 
28.88829 39.48618 -128.5467 
28.78534 39.40657 -128.3206 
28.68241 39.32702 -128.0945 
28.57952 39.24753 -127.8682 
28.57952 39.24753 -127.8682 
28.47665 39.1681 -127.642 
28.37381 39.08873 -127.4156 
28.271 39.00941 -127.1892 
28.16822 38.93015 -126.9628 
28.06547 38.85095 -126.7363 
28.06547 38.85095 -126.7363 
27.96275 38.7718 -126.5097 
27.86006 38.6927 -126.2831 
27.7574 38.61364 -126.0565 
27.65476 38.53464 -125.8297 
27.55216 38.45569 -125.603 
27.55216 38.45569 -125.603 
27.44958 38.37678 -125.3762 
27.34703 38.29792 -125.1493 
27.24451 38.2191 -124.9224 
27.14202 38.14034 -124.6954 
27.03956 38.06161 -124.4684 
27.03956 38.06161 -124.4684 
26.93713 37.98293 -124.2414 
26.83472 37.90429 -124.0143 
26.73235 37.82568 -123.7871 
26.63 37.74712 -123.5599 
26.63 37.74712 -123.5599 
26.52769 37.6686 -123.3327 
26.4254 37.59012 -123.1054 
26.32314 37.51167 -122.8781 
26.22091 37.43326 -122.6507 
26.11871 37.35489 -122.4233 
26.11871 37.35489 -122.4233 
26.01653 37.27655 -122.1959 
25.91438 37.19825 -121.9684 
25.81225 37.11998 -121.7409 
25.71016 37.04174 -121.5133 
25.6081 36.96354 -121.2857 
25.6081 36.96354 -121.2857 
25.50607 36.88536 -121.0581 
25.40409 36.80722 -120.8304 
25.30215 36.72911 -120.6026 
25.20026 36.65102 -120.3749 
25.09844 36.57297 -120.147 
25.09844 36.57297 -120.147 
24.99667 36.49495 -119.9191 
24.89498 36.41695 -119.6912 
24.79335 36.33898 -119.4632 
24.6918 36.26104 -119.2352 
24.6918 36.26104 -119.2352 
24.59032 36.18312 -119.0071 
24.48892 36.10523 -118.7789 
24.38759 36.02737 -118.5507 
24.28635 35.94952 -118.3225 
24.18519 35.87171 -118.0942 
24.08411 35.79391 -117.8658 
23.98312 35.71614 -117.6374 
23.98312 35.71614 -117.6374 
23.88221 35.6384 -117.4089 
23.78138 35.56067 -117.1804 
23.68064 35.48297 -116.9518 
23.57998 35.40528 -116.7231 
23.47942 35.32762 -116.4944 
23.47942 35.32762 -116.4944 
23.37893 35.24998 -116.2657 
23.27853 35.17236 -116.0368 
23.17822 35.09476 -115.808 
23.07799 35.01717 -115.5791 
22.97785 34.93961 -115.3501 
22.97785 34.93961 -115.3501 
22.8778 34.86206 -115.1211 
22.77782 34.78453 -114.892 
22.67793 34.70702 -114.6629 
22.57813 34.62953 -114.4338 
22.57813 34.62953 -114.4338 
22.47841 34.55205 -114.2046 
22.37877 34.47459 -113.9753 
22.27921 34.39714 -113.746 
22.17973 34.31971 -113.5166 
22.08034 34.2423 -113.2872 
22.08034 34.2423 -113.2872 
21.98102 34.1649 -113.0577 
21.88178 34.08753 -112.8282 
21.78261 34.0102 -112.5986 
21.68352 33.93294 -112.369 
21.5845 33.85574 -112.1393 
21.5845 33.85574 -112.1393 
21.48554 33.77863 -111.9096 
21.38665 33.70161 -111.6797 
21.28782 33.62471 -111.4498 
21.18904 33.54792 -111.2198 
21.09033 33.47128 -110.9898 
21.09033 33.47128 -110.9898 
20.99167 33.39478 -110.7596 
20.89306 33.31842 -110.5294 
20.79451 33.24221 -110.299 
20.69601 33.16613 -110.0686 
20.59757 33.09019 -109.8382 
20.59757 33.09019 -109.8382 
20.49918 33.01438 -109.6076 
20.40084 32.9387 -109.3769 
20.30255 32.86315 -109.1462 
20.20431 32.78772 -108.9154 
20.10612 32.71242 -108.6845 
20.10612 32.71242 -108.6845 
20.00798 32.63723 -108.4536 
19.9099 32.56217 -108.2226 
19.81186 32.48722 -107.9915 
19.71388 32.41238 -107.7603 
19.71388 32.41238 -107.7603 
19.61594 32.33766 -107.5291 
19.51805 32.26304 -107.2978 
19.42021 32.18853 -107.0664 
19.32242 32.11412 -106.835 
19.22467 32.03981 -106.6035 
19.22467 32.03981 -106.6035 
19.12697 31.9656 -106.3719 
19.02932 31.89149 -106.1403 
18.93172 31.81748 -105.9086 
18.83417 31.74356 -105.6768 
18.73666 31.66973 -105.445 
18.73666 31.66973 -105.445 
18.63919 31.596 -105.2131 
18.54177 31.52235 -104.9812 
18.4444 31.44879 -104.7492 
18.34707 31.37531 -104.5172 
18.24978 31.30192 -104.2851 
18.24978 31.30192 -104.2851 
18.15254 31.22861 -104.053 
18.05534 31.15538 -103.8208 
17.95819 31.08223 -103.5885 
17.86108 31.00915 -103.3562 
17.76401 30.93615 -103.1238 
17.76401 30.93615 -103.1238 
17.66698 30.86322 -102.8914 
17.57 30.79037 -102.659 
17.47306 30.71758 -102.4265 
17.37616 30.64487 -102.1939 
17.37616 30.64487 -102.1939 
17.2793 30.57222 -101.9613 
17.18248 30.49964 -101.7287 
17.08571 30.42713 -101.496 
16.98898 30.35468 -101.2633 
16.89228 30.28229 -101.0305 
16.89228 30.28229 -101.0305 
16.79563 30.20996 -100.7977 
16.69902 30.13769 -100.5648 
16.60245 30.06549 -100.3319 
16.50591 29.99334 -100.099 
16.40942 29.92124 -99.86596 
16.40942 29.92124 -99.86596 
16.31297 29.8492 -99.63293 
16.21655 29.77722 -99.39986 
16.12017 29.70529 -99.16674 
16.02384 29.63341 -98.93359 
15.92754 29.56158 -98.70039 
15.92754 29.56158 -98.70039 
15.83127 29.48981 -98.46717 
15.73505 29.41808 -98.2339 
15.63886 29.3464 -98.0006 
15.54272 29.27477 -97.76727 
15.44661 29.20318 -97.5339 
15.35053 29.13164 -97.30048 
15.2545 29.06014 -97.06704 
15.1585 28.98869 -96.83356 
15.1585 28.98869 -96.83356 
15.06253 28.91728 -96.60004 
14.96661 28.84591 -96.3665 
14.87072 28.77458 -96.13292 
14.77486 28.7033 -95.89931 
14.67905 28.63205 -95.66567 
14.67905 28.63205 -95.66567 
14.58326 28.56084 -95.432 
14.48752 28.48967 -95.19829 
14.39181 28.41854 -94.96455 
14.29613 28.34744 -94.73078 
14.20049 28.27637 -94.49698 
14.20049 28.27637 -94.49698 
14.10489 28.20535 -94.26315 
14.00932 28.13435 -94.02929 
13.91379 28.06339 -93.7954 
13.81829 27.99246 -93.56149 
13.81829 27.99246 -93.56149 
13.72282 27.92157 -93.32754 
13.62739 27.8507 -93.09357 
13.53199 27.77987 -92.85957 
13.43663 27.70907 -92.62553 
13.34131 27.6383 -92.39149 
13.34131 27.6383 -92.39149 
13.24601 27.56755 -92.1574 
13.15075 27.49684 -91.92329 
13.05553 27.42615 -91.68916 
12.96034 27.35549 -91.455 
12.86518 27.28485 -91.22082 
12.86518 27.28485 -91.22082 
12.77005 27.21424 -90.9866 
12.67496 27.14366 -90.75237 
12.5799 27.0731 -90.5181 
12.48488 27.00257 -90.28382 
12.38989 26.93206 -90.04951 
12.38989 26.93206 -90.04951 
12.29493 26.86158 -89.81518 
12.2 26.79112 -89.58082 
12.10511 26.72068 -89.34644 
12.01025 26.65026 -89.11204 
11.91542 26.57987 -88.87761 
11.91542 26.57987 -88.87761 
11.82062 26.5095 -88.64316 
11.72586 26.43914 -88.40869 
11.63113 26.36882 -88.17419 
11.53643 26.2985 -87.93967 
11.44177 26.22821 -87.70514 
11.44177 26.22821 -87.70514 
11.34714 26.15794 -87.47058 
11.25253 26.08769 -87.23601 
11.15797 26.01745 -87.0014 
11.06343 25.94724 -86.76678 
10.96892 25.87704 -86.53214 
10.96892 25.87704 -86.53214 
10.87445 25.80685 -86.29747 
10.78 25.73669 -86.06278 
10.68558 25.66654 -85.82808 
10.5912 25.59641 -85.59336 
10.5912 25.59641 -85.59336 
10.49684 25.52629 -85.35862 
10.40252 25.4562 -85.12386 
10.30824 25.38611 -84.88907 
10.214 25.31605 -84.65426 
10.11981 25.24599 -84.41943 
10.11981 25.24599 -84.41943 
10.02568 25.17595 -84.18456 
9.931609 25.10593 -83.94965 
9.837606 25.03592 -83.71472 
9.743673 24.96592 -83.47976 
9.649814 24.89593 -83.24477 
9.649814 24.89593 -83.24477 
9.556029 24.82596 -83.00974 
9.462323 24.756 -82.77467 
9.368698 24.68606 -82.53956 
9.275154 24.61613 -82.30441 
9.181695 24.5462 -82.06924 
9.181695 24.5462 -82.06924 
9.08832 24.47629 -81.83402 
8.99503 24.40639 -81.59876 
8.901829 24.33651 -81.36347 
8.808715 24.26663 -81.12813 
8.808715 24.26663 -81.12813 
8.715689 24.19677 -80.89275 
8.622751 24.12691 -80.65733 
8.529902 24.05707 -80.42188 
8.437142 23.98724 -80.18639 
8.344472 23.91742 -79.95085 
8.344472 23.91742 -79.95085 
8.25189 23.84761 -79.71529 
8.159392 23.77781 -79.47968 
8.066979 23.70801 -79.24404 
7.974653 23.63823 -79.00836 
7.882416 23.56845 -78.77264 
7.79027 23.49869 -78.53688 
7.698219 23.42893 -78.30108 
7.698219 23.42893 -78.30108 
7.606266 23.35918 -78.06523 
7.514417 23.28944 -77.82935 
7.422675 23.21971 -77.59343 
7.331045 23.14998 -77.35745 
7.239533 23.08027 -77.12143 
7.239533 23.08027 -77.12143 
7.148149 23.01056 -76.88535 
7.056898 22.94086 -76.64923 
6.965783 22.87117 -76.41305 
6.874808 22.80149 -76.1768 
6.783978 22.73181 -75.94051 
6.783978 22.73181 -75.94051 
6.693292 22.66213 -75.70416 
6.602755 22.59247 -75.46775 
6.512366 22.52281 -75.23129 
6.422129 22.45316 -74.99476 
6.422129 22.45316 -74.99476 
6.332043 22.38351 -74.75817 
6.242112 22.31387 -74.52153 
6.152331 22.24424 -74.28483 
6.062705 22.17461 -74.04806 
5.973232 22.10499 -73.81124 
5.973232 22.10499 -73.81124 
5.883912 22.03538 -73.57436 
5.794744 21.96577 -73.33743 
5.705729 21.89617 -73.10043 
5.616865 21.82658 -72.86338 
5.528152 21.75698 -72.62627 
5.528152 21.75698 -72.62627 
5.439588 21.6874 -72.38909 
5.351173 21.61781 -72.15186 
5.262905 21.54823 -71.91458 
5.174784 21.47866 -71.67725 
5.086807 21.4091 -71.43987 
5.086807 21.4091 -71.43987 
4.998975 21.33953 -71.20242 
4.911284 21.26997 -70.96491 
4.823736 21.20042 -70.72736 
4.736326 21.13087 -70.48976 
4.649053 21.06134 -70.2521 
4.649053 21.06134 -70.2521 
4.561913 20.99184 -70.01438 
4.474903 20.9224 -69.77659 
4.38802 20.85301 -69.53873 
4.30126 20.7837 -69.3008 
4.30126 20.7837 -69.3008 
4.214621 20.71447 -69.06278 
4.128101 20.64535 -68.8247 
4.041695 20.57634 -68.58653 
3.9554 20.50745 -68.34827 
3.869215 20.43871 -68.10991 
3.869215 20.43871 -68.10991 
3.783135 20.37011 -67.87145 
3.697158 20.30168 -67.6329 
3.611281 20.23342 -67.39423 
3.525502 20.16535 -67.15546 
3.439817 20.09747 -66.91659 
3.439817 20.09747 -66.91659 
3.354223 20.0298 -66.6776 
3.268719 19.96235 -66.43849 
3.183302 19.89512 -66.19926 
3.097968 19.82814 -65.95992 
3.012716 19.7614 -65.72045 
3.012716 19.7614 -65.72045 
2.927542 19.69491 -65.48085 
2.842445 19.6287 -65.24112 
2.757423 19.56274 -65.00126 
2.672476 19.49705 -64.76128 
2.587603 19.4316 -64.52117 
2.587603 19.4316 -64.52117 
2.502802 19.3664 -64.28094 
2.418074 19.30144 -64.0406 
2.333417 19.23672 -63.80014 
2.248832 19.17223 -63.55956 
2.164316 19.10797 -63.31886 
2.164316 19.10797 -63.31886 
2.079869 19.04393 -63.07806 
1.995491 18.98011 -62.83715 
1.91118 18.9165 -62.59613 
1.826937 18.85311 -62.35501 
1.826937 18.85311 -62.35501 
1.74276 18.78992 -62.11378 
1.658648 18.72692 -61.87246 
1.574602 18.66413 -61.63103 
1.490619 18.60153 -61.38951 
1.406701 18.53912 -61.14789 
1.406701 18.53912 -61.14789 
1.322845 18.4769 -60.90617 
1.239052 18.41486 -60.66437 
1.15532 18.35299 -60.42247 
1.071649 18.2913 -60.18048 
0.9880387 18.22979 -59.93841 
0.9880387 18.22979 -59.93841 
0.9044883 18.16844 -59.69625 
0.8209971 18.10725 -59.45401 
0.7375647 18.04623 -59.21168 
0.6541902 17.98536 -58.96927 
0.5708735 17.92465 -58.72678 
0.5708735 17.92465 -58.72678 
0.4876119 17.86411 -58.48421 
0.404404 17.80374 -58.24155 
0.321247 17.74356 -57.9988 
0.2381395 17.68359 -57.75595 
0.1550789 17.62382 -57.513 
0.1550789 17.62382 -57.513 
0.07206374 17.56428 -57.26996 
-0.01090829 17.50496 -57.02681 
-0.09383857 17.44589 -56.78355 
-0.1767295 17.38707 -56.54018 
-0.1767295 17.38707 -56.54018 
-0.2595822 17.32851 -56.2967 
-0.3423991 17.27022 -56.0531 
-0.4251814 17.21221 -55.80938 
-0.5079312 17.1545 -55.56554 
-0.5906499 17.09707 -55.32157 
-0.5906499 17.09707 -55.32157 
-0.6733394 17.03996 -55.07747 
-0.7559991 16.98315 -54.83324 
-0.8386297 16.92663 -54.5889 
-0.9212306 16.8704 -54.34443 
-1.003802 16.81446 -54.09984 
-1.003802 16.81446 -54.09984 
-1.086344 16.75879 -53.85513 
-1.168857 16.70339 -53.61031 
-1.25134 16.64826 -53.36538 
-1.333793 16.59339 -53.12033 
-1.416217 16.53878 -52.87518 
-1.416217 16.53878 -52.87518 
-1.498611 16.48442 -52.62991 
-1.580976 16.4303 -52.38455 
-1.663311 16.37643 -52.13908 
-1.745617 16.32279 -51.89351 
-1.827893 16.26938 -51.64784 
-1.827893 16.26938 -51.64784 
-1.910139 16.2162 -51.40207 
-1.992356 16.16324 -51.15621 
-2.074543 16.1105 -50.91026 
-2.1567 16.05797 -50.66421 
-2.238828 16.00565 -50.41807 
-2.238828 16.00565 -50.41807 
-2.320926 15.95354 -50.17184 
-2.402994 15.90163 -49.92552 
-2.485033 15.84991 -49.67912 
-2.567041 15.79839 -49.43263 
-2.567041 15.79839 -49.43263 
-2.649022 15.74707 -49.18606 
-2.730976 15.69597 -48.93939 
-2.812905 15.64509 -48.69263 
-2.894811 15.59444 -48.44577 
-2.976694 15.54404 -48.19881 
-2.976694 15.54404 -48.19881 
-3.058557 15.4939 -47.95175 
-3.140401 15.44402 -47.70457 
-3.222226 15.39441 -47.45729 
-3.304035 15.34509 -47.20988 
-3.385828 15.29606 -46.96236 
-3.385828 15.29606 -46.96236 
-3.467608 15.24733 -46.71472 
-3.549374 15.19891 -46.46696 
-3.63113 15.15081 -46.21907 
-3.712874 15.10303 -45.97105 
-3.79461 15.0556 -45.7229 
-3.79461 15.0556 -45.7229 
-3.876338 15.0085 -45.47462 
-3.958057 14.96174 -45.2262 
-4.039767 14.91531 -44.97765 
-4.121468 14.86921 -44.72898 
-4.203158 14.82341 -44.48018 
-4.203158 14.82341 -44.48018 
-4.284839 14.77793 -44.23126 
-4.366509 14.73276 -43.98222 
-4.448169 14.68788 -43.73306 
-4.529816 14.6433 -43.48378 
-4.611452 14.59899 -43.23439 
-4.611452 14.59899 -43.23439 
-4.693076 14.55497 -42.98489 
-4.774687 14.51123 -42.73528 
-4.856285 14.46775 -42.48556 
-4.937871 14.42454 -42.23574 
-5.019442 14.38159 -41.98581 
-5.019442 14.38159 -41.98581 
-5.101 14.33888 -41.73577 
-5.182543 14.29643 -41.48564 
-5.264072 14.25422 -41.23541 
-5.345586 14.21225 -40.98508 
-5.427085 14.17052 -40.73466 
-5.427085 14.17052 -40.73466 
-5.508568 14.12901 -40.48415 
-5.590035 14.08773 -40.23355 
-5.671486 14.04666 -39.98285 
-5.752921 14.00582 -39.73207 
-5.834339 13.96518 -39.4812 
-5.834339 13.96518 -39.4812 
-5.91574 13.92475 -39.23025 
-5.997124 13.88452 -38.97921 
-6.07849 13.8445 -38.72809 
-6.159839 13.80466 -38.47689 
-6.241169 13.76502 -38.22562 
-6.241169 13.76502 -38.22562 
-6.322482 13.72557 -37.97426 
-6.403775 13.6863 -37.72282 
-6.48505 13.64721 -37.47131 
-6.566306 13.60829 -37.21973 
-6.647543 13.56956 -36.96807 
-6.647543 13.56956 -36.96807 
-6.728765 13.53103 -36.71633 
-6.809971 13.49271 -36.4645 
-6.891164 13.45461 -36.21259 
-6.972343 13.41674 -35.96058 
-7.053513 13.37911 -35.70847 
-7.053513 13.37911 -35.70847 
-7.134671 13.34173 -35.45627 
-7.21582 13.30461 -35.20396 
-7.29696 13.26776 -34.95156 
-7.378094 13.23119 -34.69904 
-7.459222 13.1949 -34.4464 
-7.459222 13.1949 -34.4464 
-7.540345 13.15891 -34.19365 
-7.621465 13.12323 -33.94078 
-7.702581 13.08786 -33.6878 
-7.783696 13.05282 -33.43468 
-7.783696 13.05282 -33.43468 
-7.86481 13.0181 -33.18145 
-7.945923 12.98373 -32.92808 
-8.027039 12.9497 -32.67458 
-8.108155 12.91603 -32.42094 
-8.189275 12.88272 -32.16716 
-8.189275 12.88272 -32.16716 
-8.270397 12.84977 -31.91325 
-8.351524 12.81721 -31.65919 
-8.432657 12.78503 -31.40499 
-8.513774 12.75327 -31.15071 
-8.594853 12.72196 -30.89642 
-8.594853 12.72196 -30.89642 
-8.675875 12.69114 -30.64218 
-8.756815 12.66082 -30.38807 
-8.837654 12.63103 -30.13416 
-8.918369 12.60178 -29.8805 
-8.99894 12.5731 -29.62718 
-8.99894 12.5731 -29.62718 
-9.079344 12.545 -29.37426 
-9.159562 12.5175 -29.12181 
-9.239573 12.49063 -28.86988 
-9.319356 12.4644 -28.61855 
-9.398892 12.43883 -28.36788 
-9.478163 12.41395 -28.11792 
-9.478163 12.41395 -28.11792 
-9.557147 12.38977 -27.86875 
-9.635827 12.36631 -27.62043 
-9.714182 12.3436 -27.37301 
-9.792194 12.32164 -27.12655 
-9.869844 12.30046 -26.88113 
-9.869844 12.30046 -26.88113 
-9.947117 12.28008 -26.63678 
-10.02399 12.26052 -26.39358 
-10.10045 12.24178 -26.15157 
-10.17648 12.2239 -25.91082 
-10.25205 12.20688 -25.67138 
-10.25205 12.20688 -25.67138 
-10.32716 12.19075 -25.43331 
-10.40178 12.17552 -25.19666 
-10.47591 12.1612 -24.96148 
-10.54951 12.14781 -24.72784 
-10.62258 12.13537 -24.49578 
-10.62258 12.13537 -24.49578 
-10.6951 12.12388 -24.26535 
-10.76705 12.11337 -24.03661 
-10.83843 12.10384 -23.80962 
-10.9092 12.09531 -23.58441 
-10.9092 12.09531 -23.58441 
-10.97936 12.08779 -23.36105 
-11.04889 12.08129 -23.13957 
-11.11778 12.07582 -22.92004 
-11.186 12.0714 -22.7025 
-11.25356 12.06802 -22.48699 
